51 51 1.318297
51 52 1.335031
51 53 1.352969
51 54 1.372255
51 55 1.392638
51 56 1.414222
51 57 1.436715
51 58 1.460167
51 59 1.484233
51 60 1.508885
51 61 1.533708
51 62 1.558577
51 63 1.582984
51 64 1.606686
51 65 1.629071
51 66 1.649773
51 67 1.668076
51 68 1.683505
51 69 1.695275
51 70 1.702853
51 71 1.705453
51 72 1.702577
51 73 1.693559
51 74 1.678073
51 75 1.655736
51 76 1.626563
51 77 1.590589
51 78 1.548255
51 79 1.500009
51 80 1.446603
51 81 1.388702
51 82 1.327142
51 83 1.262578
51 84 1.195745
51 85 1.127159
51 86 1.057375
51 87 0.986739
51 88 0.915631
51 89 0.844249
51 90 0.772833
51 91 0.701474
51 92 0.630307
51 93 0.559353
51 94 0.488676
51 95 0.418254
51 96 0.348102
51 97 0.278172
51 98 0.208449
51 99 0.138875
51 100 0.069412
52 51 1.304413
52 52 1.321401
52 53 1.339724
52 54 1.359152
52 55 1.379823
52 56 1.401478
52 57 1.424213
52 58 1.447730
52 59 1.472066
52 60 1.496869
52 61 1.522101
52 62 1.547338
52 63 1.572447
52 64 1.596915
52 65 1.620490
52 66 1.642556
52 67 1.662729
52 68 1.680277
52 69 1.694685
52 70 1.705116
52 71 1.710951
52 72 1.711313
52 73 1.705587
52 74 1.693022
52 75 1.673240
52 76 1.645889
52 77 1.611106
52 78 1.569136
52 79 1.520673
52 80 1.466425
52 81 1.407363
52 82 1.344314
52 83 1.278205
52 84 1.209728
52 85 1.139603
52 86 1.068304
52 87 0.996323
52 88 0.923940
52 89 0.851458
52 90 0.779015
52 91 0.706783
52 92 0.634804
52 93 0.563161
52 94 0.491839
52 95 0.420865
52 96 0.350189
52 97 0.279801
52 98 0.209636
52 99 0.139657
52 100 0.069796
53 51 1.289365
53 52 1.306825
53 53 1.325375
53 54 1.345185
53 55 1.366023
53 56 1.388024
53 57 1.410930
53 58 1.434831
53 59 1.459432
53 60 1.484766
53 61 1.510487
53 62 1.536554
53 63 1.562551
53 64 1.588343
53 65 1.613420
53 66 1.637519
53 67 1.660008
53 68 1.680458
53 69 1.698072
53 70 1.712221
53 71 1.721922
53 72 1.726361
53 73 1.724456
53 74 1.715394
53 75 1.698311
53 76 1.672838
53 77 1.638809
53 78 1.596682
53 79 1.547122
53 80 1.491217
53 81 1.430010
53 82 1.364689
53 83 1.296199
53 84 1.225489
53 85 1.153220
53 86 1.080031
53 87 1.006311
53 88 0.932447
53 89 0.858629
53 90 0.785072
53 91 0.711840
53 92 0.639035
53 93 0.566648
53 94 0.494712
53 95 0.423176
53 96 0.352031
53 97 0.281205
53 98 0.210661
53 99 0.140320
53 100 0.070125
54 51 1.273410
54 52 1.291157
54 53 1.310152
54 54 1.330189
54 55 1.351436
54 56 1.373666
54 57 1.397015
54 58 1.421233
54 59 1.446415
54 60 1.472277
54 61 1.498861
54 62 1.525838
54 63 1.553179
54 64 1.580485
54 65 1.607624
54 66 1.634093
54 67 1.659602
54 68 1.683474
54 69 1.705180
54 70 1.723773
54 71 1.738390
54 72 1.747755
54 73 1.750695
54 74 1.745788
54 75 1.731969
54 76 1.708342
54 77 1.674787
54 78 1.631663
54 79 1.580078
54 80 1.521312
54 81 1.456921
54 82 1.388233
54 83 1.316548
54 84 1.242810
54 85 1.167877
54 86 1.092290
54 87 1.016549
54 88 0.940909
54 89 0.865633
54 90 0.790806
54 91 0.716547
54 92 0.642849
54 93 0.569747
54 94 0.497183
54 95 0.425145
54 96 0.353552
54 97 0.282361
54 98 0.211482
54 99 0.140853
54 100 0.070384
55 51 1.256400
55 52 1.274630
55 53 1.293887
55 54 1.314365
55 55 1.335865
55 56 1.358559
55 57 1.382232
55 58 1.407029
55 59 1.432718
55 60 1.459408
55 61 1.486843
55 62 1.515086
55 63 1.543841
55 64 1.573102
55 65 1.602500
55 66 1.631913
55 67 1.660834
55 68 1.688922
55 69 1.715401
55 70 1.739545
55 71 1.760111
55 72 1.775796
55 73 1.784782
55 74 1.785296
55 75 1.775434
55 76 1.753959
55 77 1.720332
55 78 1.675275
55 79 1.620213
55 80 1.557186
55 81 1.488128
55 82 1.414913
55 83 1.338951
55 84 1.261450
55 85 1.183188
55 86 1.104817
55 87 1.026685
55 88 0.949107
55 89 0.872187
55 90 0.796055
55 91 0.720695
55 92 0.646137
55 93 0.572308
55 94 0.499185
55 95 0.426670
55 96 0.354712
55 97 0.283204
55 98 0.212077
55 99 0.141226
55 100 0.070567
56 51 1.238569
56 52 1.257076
56 53 1.276786
56 54 1.297520
56 55 1.319478
56 56 1.342474
56 57 1.366691
56 58 1.391935
56 59 1.418370
56 60 1.445796
56 61 1.474352
56 62 1.503823
56 63 1.534314
56 64 1.565581
56 65 1.597659
56 66 1.630226
56 67 1.663173
56 68 1.695980
56 69 1.728211
56 70 1.758896
56 71 1.786943
56 72 1.810536
56 73 1.827550
56 74 1.835181
56 75 1.830700
56 76 1.811728
56 77 1.777479
56 78 1.728890
56 79 1.668469
56 80 1.599091
56 81 1.523634
56 82 1.444340
56 83 1.363023
56 84 1.280853
56 85 1.198724
56 86 1.117106
56 87 1.036373
56 88 0.956645
56 89 0.878045
56 90 0.800533
56 91 0.724118
56 92 0.648696
56 93 0.574225
56 94 0.500578
56 95 0.427686
56 96 0.355421
56 97 0.283699
56 98 0.212397
56 99 0.141422
56 100 0.070657
57 51 1.219752
57 52 1.238710
57 53 1.258662
57 54 1.279832
57 55 1.302054
57 56 1.325539
57 57 1.350122
57 58 1.376007
57 59 1.403033
57 60 1.431396
57 61 1.460944
57 62 1.491866
57 63 1.524012
57 64 1.557554
57 65 1.592329
57 66 1.628446
57 67 1.665654
57 68 1.703876
57 69 1.742566
57 70 1.781127
57 71 1.818229
57 72 1.852070
57 73 1.879701
57 74 1.897372
57 75 1.900458
57 76 1.884949
57 77 1.848964
57 78 1.794497
57 79 1.725681
57 80 1.647221
57 81 1.562977
57 82 1.475923
57 83 1.387947
57 84 1.300338
57 85 1.213749
57 86 1.128618
57 87 1.045057
57 88 0.963153
57 89 0.882814
57 90 0.803997
57 91 0.726546
57 92 0.650376
57 93 0.575317
57 94 0.501270
57 95 0.428074
57 96 0.355625
57 97 0.283774
57 98 0.212414
57 99 0.141408
57 100 0.070645
58 51 1.200170
58 52 1.219348
58 53 1.239706
58 54 1.261093
58 55 1.283742
58 56 1.307505
58 57 1.332615
58 58 1.358938
58 59 1.386708
58 60 1.415813
58 61 1.446498
58 62 1.478683
58 63 1.512631
58 64 1.548295
58 65 1.585952
58 66 1.625573
58 67 1.667395
58 68 1.711304
58 69 1.757298
58 70 1.804818
58 71 1.852999
58 72 1.899816
58 73 1.942011
58 74 1.974149
58 75 1.988989
58 76 1.978644
58 77 1.939092
58 78 1.874451
58 79 1.792685
58 80 1.701133
58 81 1.605266
58 82 1.508429
58 83 1.412630
58 84 1.318801
58 85 1.227429
58 86 1.138562
58 87 1.052186
58 88 0.968097
58 89 0.886150
58 90 0.806095
58 91 0.727771
58 92 0.650943
58 93 0.575459
58 94 0.501111
58 95 0.427763
58 96 0.355232
58 97 0.283390
58 98 0.212077
58 99 0.141167
58 100 0.070517
59 51 1.179645
59 52 1.199195
59 53 1.219721
59 54 1.241473
59 55 1.264315
59 56 1.288495
59 57 1.313897
59 58 1.340778
59 59 1.369049
59 60 1.398989
59 61 1.430554
59 62 1.464062
59 63 1.499533
59 64 1.537347
59 65 1.577612
59 66 1.620781
59 67 1.667050
59 68 1.716904
59 69 1.770506
59 70 1.828080
59 71 1.889135
59 72 1.952390
59 73 2.014377
59 74 2.068403
59 75 2.102707
59 76 2.101704
59 77 2.054310
59 78 1.971677
59 79 1.869473
59 80 1.759496
59 81 1.648524
59 82 1.540022
59 83 1.435342
59 84 1.334925
59 85 1.238605
59 86 1.146120
59 87 1.057029
59 88 0.970992
59 89 0.887594
59 90 0.806544
59 91 0.727501
59 92 0.650233
59 93 0.574464
59 94 0.500007
59 95 0.426634
59 96 0.354188
59 97 0.282477
59 98 0.211359
59 99 0.140667
59 100 0.070264
60 51 1.158393
60 52 1.178064
60 53 1.198896
60 54 1.220762
60 55 1.243922
60 56 1.268265
60 57 1.294061
60 58 1.321230
60 59 1.350068
60 60 1.380542
60 61 1.412997
60 62 1.447477
60 63 1.484405
60 64 1.523948
60 65 1.566660
60 66 1.612889
60 67 1.663389
60 68 1.718758
60 69 1.779984
60 70 1.847862
60 71 1.923284
60 72 2.006231
60 73 2.094892
60 74 2.182379
60 75 2.251890
60 76 2.271154
60 77 2.204907
60 78 2.088474
60 79 1.954166
60 80 1.818856
60 81 1.689438
60 82 1.567794
60 83 1.453909
60 84 1.346953
60 85 1.246056
60 86 1.150283
60 87 1.058916
60 88 0.971249
60 89 0.886776
60 90 0.804987
60 91 0.725529
60 92 0.648025
60 93 0.572218
60 94 0.497818
60 95 0.424625
60 96 0.352409
60 97 0.281003
60 98 0.210215
60 99 0.139893
60 100 0.069870
61 51 1.136234
61 52 1.156157
61 53 1.177036
61 54 1.199136
61 55 1.222348
61 56 1.246947
61 57 1.272853
61 58 1.300365
61 59 1.329450
61 60 1.360453
61 61 1.393415
61 62 1.428764
61 63 1.466663
61 64 1.507682
61 65 1.552190
61 66 1.601006
61 67 1.654857
61 68 1.715007
61 69 1.782811
61 70 1.860326
61 71 1.949909
61 72 2.054553
61 73 2.176579
61 74 2.314492
61 75 2.451318
61 76 2.526252
61 77 2.405688
61 78 2.223271
61 79 2.039861
61 80 1.872445
61 81 1.722579
61 82 1.587925
61 83 1.465547
61 84 1.353033
61 85 1.248382
61 86 1.150143
61 87 1.057104
61 88 0.968403
61 89 0.883273
61 90 0.801179
61 91 0.721603
61 92 0.644188
61 93 0.568563
61 94 0.494474
61 95 0.421639
61 96 0.349859
61 97 0.278911
61 98 0.208627
61 99 0.138819
61 100 0.069332
62 51 1.113381
62 52 1.133293
62 53 1.154335
62 54 1.176398
62 55 1.199756
62 56 1.224323
62 57 1.250396
62 58 1.277929
62 59 1.307258
62 60 1.338405
62 61 1.371775
62 62 1.407500
62 63 1.446111
62 64 1.487925
62 65 1.533701
62 66 1.584089
62 67 1.640289
62 68 1.703603
62 69 1.776162
62 70 1.860723
62 71 1.961676
62 72 2.085494
62 73 2.242550
62 74 2.447690
62 75 2.712769
62 76 2.976845
62 77 2.668436
62 78 2.359059
62 79 2.109678
62 80 1.908485
62 81 1.740624
62 82 1.595779
62 83 1.467434
62 84 1.351252
62 85 1.244401
62 86 1.144805
62 87 1.051048
62 88 0.961985
62 89 0.876821
62 90 0.794853
62 91 0.715589
62 92 0.638559
62 93 0.563434
62 94 0.489875
62 95 0.417642
62 96 0.346476
62 97 0.276186
62 98 0.206563
62 99 0.137441
62 100 0.068639
63 51 1.089663
63 52 1.109680
63 53 1.130614
63 54 1.152737
63 55 1.175955
63 56 1.200555
63 57 1.226479
63 58 1.254046
63 59 1.283250
63 60 1.314467
63 61 1.347781
63 62 1.383666
63 63 1.422356
63 64 1.464502
63 65 1.510599
63 66 1.561635
63 67 1.618605
63 68 1.683201
63 69 1.757513
63 70 1.844947
63 71 1.950576
63 72 2.083380
63 73 2.260438
63 74 2.521083
63 75 2.975225
63 76 4.000000
63 77 2.932149
63 78 2.434953
63 79 2.131308
63 80 1.911305
63 81 1.735654
63 82 1.587248
63 83 1.457156
63 84 1.340247
63 85 1.233165
63 86 1.133728
63 87 1.040299
63 88 0.951758
63 89 0.867174
63 90 0.785899
63 91 0.707342
63 92 0.631090
63 93 0.556739
63 94 0.484001
63 95 0.412578
63 96 0.342254
63 97 0.272795
63 98 0.204022
63 99 0.135741
63 100 0.067791
64 51 1.065296
64 52 1.085150
64 53 1.106079
64 54 1.127981
64 55 1.151135
64 56 1.175465
64 57 1.201273
64 58 1.228525
64 59 1.257567
64 60 1.288432
64 61 1.321538
64 62 1.357029
64 63 1.395449
64 64 1.437129
64 65 1.482840
64 66 1.533246
64 67 1.589556
64 68 1.653085
64 69 1.725970
64 70 1.810977
64 71 1.912499
64 72 2.037014
64 73 2.194893
64 74 2.400981
64 75 2.667130
64 76 2.932392
64 77 2.625276
64 78 2.317295
64 79 2.069399
64 80 1.869772
64 81 1.703548
64 82 1.560402
64 83 1.433805
64 84 1.319414
64 85 1.214388
64 86 1.116643
64 87 1.024755
64 88 0.937575
64 89 0.854302
64 90 0.774227
64 91 0.696859
64 92 0.621722
64 93 0.548487
64 94 0.476813
64 95 0.406459
64 96 0.337168
64 97 0.268747
64 98 0.200988
64 99 0.133726
64 100 0.066782
65 51 1.040120
65 52 1.059920
65 53 1.080571
65 54 1.102341
65 55 1.125140
65 56 1.149253
65 57 1.174621
65 58 1.201560
65 59 1.230060
65 60 1.260486
65 61 1.292908
65 62 1.327775
65 63 1.365281
65 64 1.406017
65 65 1.450386
65 66 1.499224
65 67 1.553286
65 68 1.613855
65 69 1.682306
65 70 1.760707
65 71 1.851427
65 72 1.957463
65 73 2.081139
65 74 2.220951
65 75 2.359924
65 76 2.437235
65 77 2.319269
65 78 2.139649
65 79 1.959221
65 80 1.794947
65 81 1.648365
65 82 1.517116
65 83 1.398247
65 84 1.289323
65 85 1.188330
65 86 1.093798
65 87 1.004504
65 88 0.919573
65 89 0.838229
65 90 0.759927
65 91 0.684144
65 92 0.610517
65 93 0.538674
65 94 0.468354
65 95 0.399279
65 96 0.331247
65 97 0.264037
65 98 0.197480
65 99 0.131392
65 100 0.065620
66 51 1.014358
66 52 1.033839
66 53 1.054310
66 54 1.075671
66 55 1.098188
66 56 1.121785
66 57 1.146747
66 58 1.173032
66 59 1.200961
66 60 1.230544
66 61 1.262152
66 62 1.295880
66 63 1.332182
66 64 1.371273
66 65 1.413740
66 66 1.459977
66 67 1.510765
66 68 1.566744
66 69 1.628921
66 70 1.698119
66 71 1.775238
66 72 1.860273
66 73 1.951410
66 74 2.041759
66 75 2.114502
66 76 2.137354
66 77 2.075022
66 78 1.962811
66 79 1.832998
66 80 1.702428
66 81 1.577962
66 82 1.461452
66 83 1.352851
66 84 1.251303
66 85 1.155910
66 86 1.065717
66 87 0.979982
66 88 0.897983
66 89 0.819198
66 90 0.743107
66 91 0.669344
66 92 0.597528
66 93 0.527394
66 94 0.458652
66 95 0.391098
66 96 0.324504
66 97 0.258702
66 98 0.193503
66 99 0.128758
66 100 0.064305
67 51 0.987862
67 52 1.007133
67 53 1.027161
67 54 1.048202
67 55 1.070159
67 56 1.093299
67 57 1.117550
67 58 1.143198
67 59 1.170208
67 60 1.198896
67 61 1.229278
67 62 1.261716
67 63 1.296295
67 64 1.333439
67 65 1.373323
67 66 1.416443
67 67 1.463053
67 68 1.513675
67 69 1.568515
67 70 1.627822
67 71 1.691131
67 72 1.757166
67 73 1.822468
67 74 1.880326
67 75 1.918969
67 76 1.922782
67 77 1.880653
67 78 1.803692
67 79 1.707532
67 80 1.603922
67 81 1.499602
67 82 1.397990
67 83 1.300401
67 84 1.207234
67 85 1.118291
67 86 1.033275
67 87 0.951723
67 88 0.873266
67 89 0.797473
67 90 0.724034
67 91 0.652597
67 92 0.582921
67 93 0.514723
67 94 0.447811
67 95 0.381958
67 96 0.317005
67 97 0.252764
67 98 0.189093
67 99 0.125833
67 100 0.062849
68 51 0.960863
68 52 0.979670
68 53 0.999358
68 54 1.019817
68 55 1.041296
68 56 1.063701
68 57 1.087294
68 58 1.112002
68 59 1.138102
68 60 1.165555
68 61 1.194658
68 62 1.225410
68 63 1.258134
68 64 1.292866
68 65 1.329944
68 66 1.369419
68 67 1.411582
68 68 1.456386
68 69 1.503871
68 70 1.553524
68 71 1.604499
68 72 1.654793
68 73 1.701142
68 74 1.738106
68 75 1.758414
68 76 1.754151
68 77 1.721246
68 78 1.663773
68 79 1.589636
68 80 1.506127
68 81 1.418651
68 82 1.330505
68 83 1.243638
68 84 1.158940
68 85 1.076846
68 86 0.997370
68 87 0.920460
68 88 0.845885
68 89 0.773473
68 90 0.702958
68 91 0.634160
68 92 0.566834
68 93 0.500821
68 94 0.435911
68 95 0.371961
68 96 0.308794
68 97 0.246283
68 98 0.184273
68 99 0.122644
68 100 0.061260
69 51 0.933226
69 52 0.951684
69 53 0.970784
69 54 0.990761
69 55 1.011506
69 56 1.033258
69 57 1.055921
69 58 1.079742
69 59 1.104644
69 60 1.130878
69 61 1.158389
69 62 1.187432
69 63 1.217963
69 64 1.250228
69 65 1.284169
69 66 1.319967
69 67 1.357468
69 68 1.396655
69 69 1.437058
69 70 1.478117
69 71 1.518547
69 72 1.556555
69 73 1.589200
69 74 1.612708
69 75 1.622431
69 76 1.614305
69 77 1.586405
69 78 1.540650
69 79 1.481114
69 80 1.412421
69 81 1.338369
69 82 1.261855
69 83 1.184707
69 84 1.108148
69 85 1.032784
69 86 0.958997
69 87 0.886863
69 88 0.816428
69 89 0.747578
69 90 0.680241
69 91 0.614249
69 92 0.549498
69 93 0.485817
69 94 0.423098
69 95 0.361182
69 96 0.299964
69 97 0.239302
69 98 0.179093
69 99 0.119211
69 100 0.059552
70 51 0.905182
70 52 0.923055
70 53 0.941681
70 54 0.960938
70 55 0.981049
70 56 1.001902
70 57 1.023720
70 58 1.046402
70 59 1.070168
70 60 1.094926
70 61 1.120889
70 62 1.147965
70 63 1.176346
70 64 1.205915
70 65 1.236803
70 66 1.268811
70 67 1.301917
70 68 1.335708
70 69 1.369813
70 70 1.403339
70 71 1.435221
70 72 1.463678
70 73 1.486574
70 74 1.501094
70 75 1.504456
70 76 1.494234
70 77 1.469562
70 78 1.431307
70 79 1.381878
70 80 1.324073
70 81 1.260671
70 82 1.193838
70 83 1.125300
70 84 1.056162
70 85 0.987245
70 86 0.918970
70 87 0.851656
70 88 0.785387
70 89 0.720248
70 90 0.656179
70 91 0.593164
70 92 0.531092
70 93 0.469906
70 94 0.409482
70 95 0.349746
70 96 0.290577
70 97 0.231895
70 98 0.173587
70 99 0.115569
70 100 0.057737
71 51 0.876609
71 52 0.894021
71 53 0.911947
71 54 0.930598
71 55 0.949849
71 56 0.969909
71 57 0.990657
71 58 1.012294
71 59 1.034702
71 60 1.058071
71 61 1.082277
71 62 1.107482
71 63 1.133539
71 64 1.160555
71 65 1.188316
71 66 1.216813
71 67 1.245682
71 68 1.274681
71 69 1.303148
71 70 1.330420
71 71 1.355319
71 72 1.376556
71 73 1.392324
71 74 1.400809
71 75 1.400064
71 76 1.388768
71 77 1.366303
71 78 1.333277
71 79 1.291020
71 80 1.241450
71 81 1.186404
71 82 1.127643
71 83 1.066491
71 84 1.004063
71 85 0.941065
71 86 0.878080
71 87 0.815405
71 88 0.753302
71 89 0.691848
71 90 0.631136
71 91 0.571137
71 92 0.511861
71 93 0.453234
71 94 0.395225
71 95 0.337743
71 96 0.280737
71 97 0.224114
71 98 0.167813
71 99 0.111742
71 100 0.055832
72 51 0.847736
72 52 0.864472
72 53 0.881824
72 54 0.899658
72 55 0.918170
72 56 0.937229
72 57 0.957022
72 58 0.977415
72 59 0.998582
72 60 1.020381
72 61 1.042958
72 62 1.066149
72 63 1.090052
72 64 1.114451
72 65 1.139355
72 66 1.164442
72 67 1.189558
72 68 1.214186
72 69 1.237902
72 70 1.259872
72 71 1.279282
72 72 1.294903
72 73 1.305542
72 74 1.309753
72 75 1.306388
72 76 1.294471
72 77 1.273752
72 78 1.244479
72 79 1.207609
72 80 1.164304
72 81 1.115975
72 82 1.063839
72 83 1.009074
72 84 0.952532
72 85 0.894975
72 86 0.836879
72 87 0.778672
72 88 0.720569
72 89 0.662784
72 90 0.605381
72 91 0.548452
72 92 0.491983
72 93 0.435997
72 94 0.380441
72 95 0.325304
72 96 0.270515
72 97 0.216040
72 98 0.161807
72 99 0.107768
72 100 0.053851
73 51 0.818449
73 52 0.834642
73 53 0.851218
73 54 0.868365
73 55 0.885944
73 56 0.904132
73 57 0.922787
73 58 0.942070
73 59 0.961830
73 60 0.982206
73 61 1.003025
73 62 1.024383
73 63 1.046068
73 64 1.068107
73 65 1.090211
73 66 1.112289
73 67 1.133922
73 68 1.154834
73 69 1.174402
73 70 1.192096
73 71 1.207035
73 72 1.218423
73 73 1.225187
73 74 1.226447
73 75 1.221265
73 76 1.209133
73 77 1.189756
73 78 1.163420
73 79 1.130634
73 80 1.092313
73 81 1.049352
73 82 1.002784
73 83 0.953433
73 84 0.902123
73 85 0.849424
73 86 0.795886
73 87 0.741836
73 88 0.687601
73 89 0.633338
73 90 0.579223
73 91 0.525309
73 92 0.471680
73 93 0.418330
73 94 0.365287
73 95 0.312516
73 96 0.260012
73 97 0.207724
73 98 0.155628
73 99 0.103670
73 100 0.051811
74 51 0.788970
74 52 0.804427
74 53 0.820365
74 54 0.836640
74 55 0.853424
74 56 0.870568
74 57 0.888228
74 58 0.906247
74 59 0.924758
74 60 0.943588
74 61 0.962834
74 62 0.982290
74 63 1.001999
74 64 1.021698
74 65 1.041344
74 66 1.060583
74 67 1.079241
74 68 1.096827
74 69 1.112993
74 70 1.127076
74 71 1.138539
74 72 1.146568
74 73 1.150518
74 74 1.149585
74 75 1.143257
74 76 1.131041
74 77 1.112872
74 78 1.088811
74 79 1.059333
74 80 1.024960
74 81 0.986463
74 82 0.944510
74 83 0.899865
74 84 0.853101
74 85 0.804815
74 86 0.755404
74 87 0.705275
74 88 0.654662
74 89 0.603820
74 90 0.552865
74 91 0.501945
74 92 0.451100
74 93 0.400407
74 94 0.349863
74 95 0.299501
74 96 0.249293
74 97 0.199242
74 98 0.149312
74 99 0.099486
74 100 0.049725
75 51 0.759189
75 52 0.774050
75 53 0.789173
75 54 0.804720
75 55 0.820543
75 56 0.836793
75 57 0.853310
75 58 0.870226
75 59 0.887368
75 60 0.904836
75 61 0.922433
75 62 0.940214
75 63 0.957939
75 64 0.975598
75 65 0.992886
75 66 1.009697
75 67 1.025632
75 68 1.040463
75 69 1.053668
75 70 1.064884
75 71 1.073477
75 72 1.078981
75 73 1.080733
75 74 1.078292
75 75 1.071137
75 76 1.059060
75 77 1.041878
75 78 1.019764
75 79 0.992926
75 80 0.961863
75 81 0.927029
75 82 0.889048
75 83 0.848416
75 84 0.805709
75 85 0.761332
75 86 0.715735
75 87 0.669198
75 88 0.622036
75 89 0.574416
75 90 0.526544
75 91 0.478506
75 92 0.430425
75 93 0.382335
75 94 0.334303
75 95 0.286331
75 96 0.238449
75 97 0.190640
75 98 0.142911
75 99 0.095237
75 100 0.047609
76 51 0.729316
76 52 0.743412
76 53 0.757864
76 54 0.772523
76 55 0.787537
76 56 0.802748
76 57 0.818285
76 58 0.833979
76 59 0.849933
76 60 0.865956
76 61 0.882117
76 62 0.898194
76 63 0.914202
76 64 0.929870
76 65 0.945145
76 66 0.959689
76 67 0.973356
76 68 0.985724
76 69 0.996545
76 70 1.005314
76 71 1.011698
76 72 1.015149
76 73 1.015318
76 74 1.011715
76 75 1.004103
76 76 0.992185
76 77 0.975967
76 78 0.955440
76 79 0.930881
76 80 0.902537
76 81 0.870866
76 82 0.836238
76 83 0.799155
76 84 0.759985
76 85 0.719170
76 86 0.677005
76 87 0.633835
76 88 0.589865
76 89 0.545342
76 90 0.500389
76 91 0.455173
76 92 0.409760
76 93 0.364255
76 94 0.318684
76 95 0.273109
76 96 0.227532
76 97 0.181984
76 98 0.136456
76 99 0.090956
76 100 0.045472
77 51 0.699245
77 52 0.712719
77 53 0.726346
77 54 0.740269
77 55 0.754334
77 56 0.768667
77 57 0.783104
77 58 0.797752
77 59 0.812427
77 60 0.827208
77 61 0.841887
77 62 0.856500
77 63 0.870803
77 64 0.884780
77 65 0.898137
77 66 0.910788
77 67 0.922379
77 68 0.932746
77 69 0.941475
77 70 0.948329
77 71 0.952854
77 72 0.954783
77 73 0.953677
77 74 0.949317
77 75 0.941373
77 76 0.929768
77 77 0.914365
77 78 0.895289
77 79 0.872622
77 80 0.846667
77 81 0.817659
77 82 0.786000
77 83 0.751982
77 84 0.716010
77 85 0.678357
77 86 0.639373
77 87 0.599273
77 88 0.558330
77 89 0.516695
77 90 0.474566
77 91 0.432037
77 92 0.389245
77 93 0.346241
77 94 0.303115
77 95 0.259889
77 96 0.216618
77 97 0.173309
77 98 0.129990
77 99 0.086660
77 100 0.043331
78 51 0.669170
78 52 0.681874
78 53 0.694825
78 54 0.707873
78 55 0.721145
78 56 0.734481
78 57 0.747989
78 58 0.761496
78 59 0.775084
78 60 0.788562
78 61 0.801979
78 62 0.815114
78 63 0.827977
78 64 0.840309
78 65 0.852066
78 66 0.862946
78 67 0.872843
78 68 0.881409
78 69 0.888481
78 70 0.893675
78 71 0.896794
78 72 0.897452
78 73 0.895465
78 74 0.890504
78 75 0.882466
78 76 0.871147
78 77 0.856582
78 78 0.838732
78 79 0.817783
78 80 0.793849
78 81 0.767226
78 82 0.738120
78 83 0.706873
78 84 0.673715
78 85 0.638973
78 86 0.602855
78 87 0.565639
78 88 0.527487
78 89 0.488617
78 90 0.449143
78 91 0.409227
78 92 0.368941
78 93 0.328399
78 94 0.287644
78 95 0.246751
78 96 0.205743
78 97 0.164668
78 98 0.123535
78 99 0.082375
78 100 0.041191
79 51 0.638988
79 52 0.651065
79 53 0.663206
79 54 0.675533
79 55 0.687893
79 56 0.700396
79 57 0.712876
79 58 0.725422
79 59 0.737852
79 60 0.750230
79 61 0.762352
79 62 0.774246
79 63 0.785681
79 64 0.796645
79 65 0.806873
79 66 0.816305
79 67 0.824639
79 68 0.831770
79 69 0.837366
79 70 0.841288
79 71 0.843196
79 72 0.842944
79 73 0.840225
79 74 0.834933
79 75 0.826839
79 76 0.815925
79 77 0.802083
79 78 0.785412
79 79 0.765931
79 80 0.743845
79 81 0.719276
79 82 0.692495
79 83 0.663675
79 84 0.633106
79 85 0.600967
79 86 0.567526
79 87 0.532942
79 88 0.497439
79 89 0.461142
79 90 0.424229
79 91 0.386786
79 92 0.348947
79 93 0.310771
79 94 0.272353
79 95 0.233729
79 96 0.194965
79 97 0.156084
79 98 0.117128
79 99 0.078112
79 100 0.039065
80 51 0.608874
80 52 0.620194
80 53 0.631672
80 54 0.643159
80 55 0.654765
80 56 0.666333
80 57 0.677956
80 58 0.689463
80 59 0.700924
80 60 0.712154
80 61 0.723193
80 62 0.733835
80 63 0.744088
80 64 0.753718
80 65 0.762696
80 66 0.770761
80 67 0.777846
80 68 0.783665
80 69 0.788120
80 70 0.790914
80 71 0.791937
80 72 0.790905
80 73 0.787726
80 74 0.782165
80 75 0.774184
80 76 0.763632
80 77 0.750555
80 78 0.734903
80 79 0.716811
80 80 0.696326
80 81 0.673654
80 82 0.648909
80 83 0.622332
80 84 0.594066
80 85 0.564355
80 86 0.533340
80 87 0.501244
80 88 0.468187
80 89 0.434355
80 90 0.399843
80 91 0.364799
80 92 0.329291
80 93 0.293432
80 94 0.257268
80 95 0.220882
80 96 0.184306
80 97 0.147597
80 98 0.110780
80 99 0.073893
80 100 0.036957
81 51 0.578726
81 52 0.589432
81 53 0.600129
81 54 0.610926
81 55 0.621675
81 56 0.632470
81 57 0.643152
81 58 0.653796
81 59 0.664229
81 60 0.674505
81 61 0.684433
81 62 0.694041
81 63 0.703117
81 64 0.711659
81 65 0.719432
81 66 0.726403
81 67 0.732319
81 68 0.737118
81 69 0.740536
81 70 0.742494
81 71 0.742734
81 72 0.741182
81 73 0.737609
81 74 0.731973
81 75 0.724101
81 76 0.714009
81 77 0.701602
81 78 0.686964
81 79 0.670084
81 80 0.651113
81 81 0.630107
81 82 0.607262
81 83 0.582678
81 84 0.556567
81 85 0.529047
81 86 0.500323
81 87 0.470507
81 88 0.439784
81 89 0.408248
81 90 0.376054
81 91 0.343276
81 92 0.310039
81 93 0.276397
81 94 0.242446
81 95 0.208226
81 96 0.173807
81 97 0.139220
81 98 0.104518
81 99 0.069724
81 100 0.034876
82 51 0.548703
82 52 0.558677
82 53 0.568737
82 54 0.578742
82 55 0.588787
82 56 0.598721
82 57 0.608626
82 58 0.618339
82 59 0.627924
82 60 0.637204
82 61 0.646219
82 62 0.654779
82 63 0.662897
82 64 0.670367
82 65 0.677176
82 66 0.683100
82 67 0.688103
82 68 0.691952
82 69 0.694592
82 70 0.695791
82 71 0.695492
82 72 0.693479
82 73 0.689713
82 74 0.684016
82 75 0.676385
82 76 0.666701
82 77 0.655013
82 78 0.641268
82 79 0.625572
82 80 0.607935
82 81 0.588510
82 82 0.567355
82 83 0.544650
82 84 0.520479
82 85 0.495031
82 86 0.468397
82 87 0.440755
82 88 0.412193
82 89 0.382865
82 90 0.352847
82 91 0.322269
82 92 0.291191
82 93 0.259716
82 94 0.227893
82 95 0.195801
82 96 0.163477
82 97 0.130982
82 98 0.098347
82 99 0.065619
82 100 0.032824
83 51 0.518701
83 52 0.528082
83 53 0.537402
83 54 0.546758
83 55 0.556008
83 56 0.565236
83 57 0.574291
83 58 0.583240
83 59 0.591923
83 60 0.600387
83 61 0.608460
83 62 0.616169
83 63 0.623326
83 64 0.629938
83 65 0.635804
83 66 0.640909
83 67 0.645043
83 68 0.648174
83 69 0.650091
83 70 0.650755
83 71 0.649965
83 72 0.647688
83 73 0.643749
83 74 0.638139
83 75 0.630724
83 76 0.621532
83 77 0.610482
83 78 0.597647
83 79 0.583001
83 80 0.566659
83 81 0.548644
83 82 0.529101
83 83 0.508086
83 84 0.485761
83 85 0.462199
83 86 0.437561
83 87 0.411924
83 88 0.385438
83 89 0.358173
83 90 0.330261
83 91 0.301762
83 92 0.272787
83 93 0.243385
83 94 0.213646
83 95 0.183608
83 96 0.153343
83 97 0.122885
83 98 0.092287
83 99 0.061580
83 100 0.030807
84 51 0.488862
84 52 0.497546
84 53 0.506263
84 54 0.514879
84 55 0.523480
84 56 0.531924
84 57 0.540283
84 58 0.548408
84 59 0.556354
84 60 0.563962
84 61 0.571271
84 62 0.578110
84 63 0.584498
84 64 0.590255
84 65 0.595382
84 66 0.599689
84 67 0.603163
84 68 0.605611
84 69 0.607011
84 70 0.607175
84 71 0.606081
84 72 0.603560
84 73 0.599602
84 74 0.594068
84 75 0.586974
84 76 0.578221
84 77 0.567860
84 78 0.555837
84 79 0.542239
84 80 0.527057
84 81 0.510408
84 82 0.492319
84 83 0.472926
84 84 0.452281
84 85 0.430526
84 86 0.407724
84 87 0.384015
84 88 0.359461
84 89 0.334190
84 90 0.308260
84 91 0.281784
84 92 0.254810
84 93 0.227434
84 94 0.199696
84 95 0.171674
84 96 0.143404
84 97 0.114947
84 98 0.086335
84 99 0.057617
84 100 0.028826
85 51 0.459085
85 52 0.467201
85 53 0.475224
85 54 0.483236
85 55 0.491107
85 56 0.498911
85 57 0.506509
85 58 0.513962
85 59 0.521123
85 60 0.528038
85 61 0.534553
85 62 0.540695
85 63 0.546302
85 64 0.551387
85 65 0.555779
85 66 0.559478
85 67 0.562309
85 68 0.564263
85 69 0.565166
85 70 0.565008
85 71 0.563625
85 72 0.561013
85 73 0.557032
85 74 0.551692
85 75 0.544884
85 76 0.536644
85 77 0.526900
85 78 0.515717
85 79 0.503062
85 80 0.489026
85 81 0.473613
85 82 0.456934
85 83 0.439020
85 84 0.419994
85 85 0.399901
85 86 0.378869
85 87 0.356950
85 88 0.334265
85 89 0.310866
85 90 0.286862
85 91 0.262302
85 92 0.237282
85 93 0.211843
85 94 0.186066
85 95 0.159989
85 96 0.133677
85 97 0.107164
85 98 0.080504
85 99 0.053729
85 100 0.026883
86 51 0.429491
86 52 0.436951
86 53 0.444405
86 54 0.451733
86 55 0.459007
86 56 0.466103
86 57 0.473080
86 58 0.479807
86 59 0.486332
86 60 0.492515
86 61 0.498393
86 62 0.503816
86 63 0.508807
86 64 0.513212
86 65 0.517041
86 66 0.520135
86 67 0.522496
86 68 0.523965
86 69 0.524538
86 70 0.524064
86 71 0.522543
86 72 0.519836
86 73 0.515955
86 74 0.510784
86 75 0.504351
86 76 0.496571
86 77 0.487495
86 78 0.477070
86 79 0.465369
86 80 0.452374
86 81 0.438177
86 82 0.422787
86 83 0.406310
86 84 0.388773
86 85 0.370291
86 86 0.350902
86 87 0.330718
86 88 0.309784
86 89 0.288203
86 90 0.266020
86 91 0.243330
86 92 0.220172
86 93 0.196629
86 94 0.172737
86 95 0.148566
86 96 0.124150
86 97 0.099547
86 98 0.074787
86 99 0.049920
86 100 0.024978
87 51 0.399986
87 52 0.406906
87 53 0.413712
87 54 0.420479
87 55 0.427088
87 56 0.433604
87 57 0.439903
87 58 0.446040
87 59 0.451884
87 60 0.457479
87 61 0.462688
87 62 0.467541
87 63 0.471899
87 64 0.475779
87 65 0.479038
87 66 0.481684
87 67 0.483574
87 68 0.484712
87 69 0.484956
87 70 0.484310
87 71 0.482644
87 72 0.479967
87 73 0.476166
87 74 0.471261
87 75 0.465163
87 76 0.457909
87 77 0.449437
87 78 0.439802
87 79 0.428971
87 80 0.417019
87 81 0.403936
87 82 0.389812
87 83 0.374659
87 84 0.358576
87 85 0.341588
87 86 0.323797
87 87 0.305238
87 88 0.286007
87 89 0.266143
87 90 0.245736
87 91 0.224824
87 92 0.203488
87 93 0.181762
87 94 0.159719
87 95 0.137390
87 96 0.114835
87 97 0.092086
87 98 0.069193
87 99 0.046187
87 100 0.023112
88 51 0.370671
88 52 0.376973
88 53 0.383246
88 54 0.389382
88 55 0.395444
88 56 0.401321
88 57 0.407067
88 58 0.412565
88 59 0.417859
88 60 0.422827
88 61 0.427504
88 62 0.431763
88 63 0.435627
88 64 0.438967
88 65 0.441799
88 66 0.443990
88 67 0.445551
88 68 0.446352
88 69 0.446401
88 70 0.445576
88 71 0.443886
88 72 0.441222
88 73 0.437602
88 74 0.432932
88 75 0.427244
88 76 0.420466
88 77 0.412644
88 78 0.403732
88 79 0.393789
88 80 0.382794
88 81 0.370820
88 82 0.357866
88 83 0.344016
88 84 0.329283
88 85 0.313757
88 86 0.297462
88 87 0.280488
88 88 0.262864
88 89 0.244676
88 90 0.225957
88 91 0.206785
88 92 0.187193
88 93 0.167249
88 94 0.146986
88 95 0.126464
88 96 0.105713
88 97 0.084785
88 98 0.063710
88 99 0.042533
88 100 0.021283
89 51 0.341457
89 52 0.347246
89 53 0.352916
89 54 0.358530
89 55 0.363986
89 56 0.369337
89 57 0.374479
89 58 0.379457
89 59 0.384160
89 60 0.388626
89 61 0.392740
89 62 0.396531
89 63 0.399881
89 64 0.402811
89 65 0.405200
89 66 0.407066
89 67 0.408287
89 68 0.408877
89 69 0.408721
89 70 0.407831
89 71 0.406102
89 72 0.403551
89 73 0.400086
89 74 0.395731
89 75 0.390414
89 76 0.384168
89 77 0.376942
89 78 0.368784
89 79 0.359660
89 80 0.349632
89 81 0.338686
89 82 0.326893
89 83 0.314256
89 84 0.300852
89 85 0.286695
89 86 0.271866
89 87 0.256387
89 88 0.240337
89 89 0.223741
89 90 0.206676
89 91 0.189167
89 92 0.171285
89 93 0.153056
89 94 0.134541
89 95 0.115767
89 96 0.096789
89 97 0.077632
89 98 0.058343
89 99 0.038950
89 100 0.019492
90 51 0.312427
90 52 0.317637
90 53 0.322805
90 54 0.327837
90 55 0.332789
90 56 0.337564
90 57 0.342209
90 58 0.346624
90 59 0.350847
90 60 0.354777
90 61 0.358443
90 62 0.361741
90 63 0.364694
90 64 0.367194
90 65 0.369260
90 66 0.370785
90 67 0.371782
90 68 0.372147
90 69 0.371894
90 70 0.370925
90 71 0.369254
90 72 0.366794
90 73 0.363565
90 74 0.359494
90 75 0.354608
90 76 0.348852
90 77 0.342263
90 78 0.334802
90 79 0.326518
90 80 0.317388
90 81 0.307473
90 82 0.296765
90 83 0.285330
90 84 0.273173
90 85 0.260365
90 86 0.246920
90 87 0.232910
90 88 0.218354
90 89 0.203322
90 90 0.187836
90 91 0.171962
90 92 0.155723
90 93 0.139178
90 94 0.122353
90 95 0.105299
90 96 0.088042
90 97 0.070626
90 98 0.053079
90 99 0.035439
90 100 0.017735
91 51 0.283500
91 52 0.288221
91 53 0.292828
91 54 0.297373
91 55 0.301770
91 56 0.306066
91 57 0.310170
91 58 0.314122
91 59 0.317829
91 60 0.321326
91 61 0.324516
91 62 0.327426
91 63 0.329959
91 64 0.332137
91 65 0.333862
91 66 0.335151
91 67 0.335909
91 68 0.336150
91 69 0.335785
91 70 0.334827
91 71 0.333195
91 72 0.330905
91 73 0.327887
91 74 0.324163
91 75 0.319675
91 76 0.314454
91 77 0.308456
91 78 0.301722
91 79 0.294221
91 80 0.286004
91 81 0.277054
91 82 0.267429
91 83 0.257126
91 84 0.246204
91 85 0.234672
91 86 0.222593
91 87 0.209979
91 88 0.196894
91 89 0.183356
91 90 0.169425
91 91 0.155120
91 92 0.140499
91 93 0.125582
91 94 0.110419
91 95 0.095034
91 96 0.079471
91 97 0.063753
91 98 0.047919
91 99 0.031994
91 100 0.016012
92 51 0.254741
92 52 0.258918
92 53 0.263049
92 54 0.267057
92 55 0.270987
92 56 0.274759
92 57 0.278412
92 58 0.281865
92 59 0.285149
92 60 0.288182
92 61 0.290990
92 62 0.293488
92 63 0.295698
92 64 0.297533
92 65 0.299012
92 66 0.300048
92 67 0.300659
92 68 0.300760
92 69 0.300368
92 70 0.299405
92 71 0.297888
92 72 0.295747
92 73 0.293003
92 74 0.289598
92 75 0.285557
92 76 0.280834
92 77 0.275463
92 78 0.269408
92 79 0.262711
92 80 0.255351
92 81 0.247375
92 82 0.238773
92 83 0.229597
92 84 0.219847
92 85 0.209578
92 86 0.198799
92 87 0.187564
92 88 0.175887
92 89 0.163822
92 90 0.151385
92 91 0.138628
92 92 0.125569
92 93 0.112256
92 94 0.098708
92 95 0.084967
92 96 0.071054
92 97 0.057008
92 98 0.042849
92 99 0.028612
92 100 0.014319
93 51 0.226078
93 52 0.229785
93 53 0.233392
93 54 0.236941
93 55 0.240361
93 56 0.243690
93 57 0.246856
93 58 0.249891
93 59 0.252722
93 60 0.255375
93 61 0.257776
93 62 0.259947
93 63 0.261811
93 64 0.263389
93 65 0.264604
93 66 0.265471
93 67 0.265918
93 68 0.265958
93 69 0.265522
93 70 0.264626
93 71 0.263204
93 72 0.261274
93 73 0.258781
93 74 0.255746
93 75 0.252121
93 76 0.247936
93 77 0.243152
93 78 0.237803
93 79 0.231865
93 80 0.225376
93 81 0.218321
93 82 0.210745
93 83 0.202641
93 84 0.194057
93 85 0.184995
93 86 0.175504
93 87 0.165592
93 88 0.155306
93 89 0.144660
93 90 0.133699
93 91 0.122438
93 92 0.110921
93 93 0.099165
93 94 0.087209
93 95 0.075071
93 96 0.062786
93 97 0.050375
93 98 0.037867
93 99 0.025285
93 100 0.012655
94 51 0.197559
94 52 0.200753
94 53 0.203904
94 54 0.206953
94 55 0.209934
94 56 0.212784
94 57 0.215535
94 58 0.218122
94 59 0.220573
94 60 0.222821
94 61 0.224890
94 62 0.226712
94 63 0.228307
94 64 0.229609
94 65 0.230633
94 66 0.231315
94 67 0.231669
94 68 0.231633
94 69 0.231220
94 70 0.230372
94 71 0.229105
94 72 0.227366
94 73 0.225174
94 74 0.222483
94 75 0.219315
94 76 0.215635
94 77 0.211468
94 78 0.206788
94 79 0.201627
94 80 0.195966
94 81 0.189842
94 82 0.183244
94 83 0.176213
94 84 0.168745
94 85 0.160883
94 86 0.152631
94 87 0.144029
94 88 0.135086
94 89 0.125843
94 90 0.116311
94 91 0.106530
94 92 0.096512
94 93 0.086295
94 94 0.075892
94 95 0.065337
94 96 0.054646
94 97 0.043848
94 98 0.032960
94 99 0.022010
94 100 0.011015
95 51 0.169121
95 52 0.171860
95 53 0.174519
95 54 0.177129
95 55 0.179637
95 56 0.182071
95 57 0.184378
95 58 0.186582
95 59 0.188627
95 60 0.190535
95 61 0.192250
95 62 0.193789
95 63 0.195096
95 64 0.196187
95 65 0.197006
95 66 0.197565
95 67 0.197812
95 68 0.197758
95 69 0.197352
95 70 0.196608
95 71 0.195478
95 72 0.193977
95 73 0.192065
95 74 0.189757
95 75 0.187021
95 76 0.183877
95 77 0.180297
95 78 0.176308
95 79 0.171888
95 80 0.167068
95 81 0.161835
95 82 0.156221
95 83 0.150220
95 84 0.143867
95 85 0.137162
95 86 0.130141
95 87 0.122806
95 88 0.115195
95 89 0.107315
95 90 0.099199
95 91 0.090858
95 92 0.082325
95 93 0.073610
95 94 0.064744
95 95 0.055739
95 96 0.046623
95 97 0.037410
95 98 0.028124
95 99 0.018780
95 100 0.009399
96 51 0.140796
96 52 0.143048
96 53 0.145266
96 54 0.147406
96 55 0.149495
96 56 0.151486
96 57 0.153403
96 58 0.155200
96 59 0.156895
96 60 0.158443
96 61 0.159860
96 62 0.161098
96 63 0.162174
96 64 0.163039
96 65 0.163706
96 66 0.164129
96 67 0.164320
96 68 0.164235
96 69 0.163885
96 70 0.163229
96 71 0.162280
96 72 0.161001
96 73 0.159405
96 74 0.157461
96 75 0.155186
96 76 0.152554
96 77 0.149584
96 78 0.146257
96 79 0.142594
96 80 0.138583
96 81 0.134249
96 82 0.129584
96 83 0.124616
96 84 0.119341
96 85 0.113790
96 86 0.107963
96 87 0.101889
96 88 0.095574
96 89 0.089046
96 90 0.082312
96 91 0.075399
96 92 0.068318
96 93 0.061092
96 94 0.053734
96 95 0.046265
96 96 0.038698
96 97 0.031054
96 98 0.023344
96 99 0.015589
96 100 0.007802
97 51 0.112533
97 52 0.114339
97 53 0.116090
97 54 0.117805
97 55 0.119450
97 56 0.121043
97 57 0.122549
97 58 0.123984
97 59 0.125311
97 60 0.126545
97 61 0.127648
97 62 0.128633
97 63 0.129462
97 64 0.130146
97 65 0.130649
97 66 0.130981
97 67 0.131104
97 68 0.131030
97 69 0.130723
97 70 0.130194
97 71 0.129412
97 72 0.128388
97 73 0.127093
97 74 0.125541
97 75 0.123709
97 76 0.121611
97 77 0.119228
97 78 0.116578
97 79 0.113648
97 80 0.110456
97 81 0.106994
97 82 0.103282
97 83 0.099317
97 84 0.095121
97 85 0.090693
97 86 0.086056
97 87 0.081213
97 88 0.076187
97 89 0.070982
97 90 0.065621
97 91 0.060109
97 92 0.054469
97 93 0.048708
97 94 0.042845
97 95 0.036889
97 96 0.030858
97 97 0.024762
97 98 0.018616
97 99 0.012431
97 100 0.006222
98 51 0.084348
98 52 0.085687
98 53 0.087004
98 54 0.088274
98 55 0.089511
98 56 0.090688
98 57 0.091819
98 58 0.092876
98 59 0.093872
98 60 0.094777
98 61 0.095604
98 62 0.096322
98 63 0.096943
98 64 0.097436
98 65 0.097811
98 66 0.098040
98 67 0.098131
98 68 0.098057
98 69 0.097826
98 70 0.097413
98 71 0.096827
98 72 0.096045
98 73 0.095076
98 74 0.093902
98 75 0.092532
98 76 0.090951
98 77 0.089172
98 78 0.087181
98 79 0.084993
98 80 0.082599
98 81 0.080014
98 82 0.077233
98 83 0.074273
98 84 0.071132
98 85 0.067826
98 86 0.064356
98 87 0.060740
98 88 0.056979
98 89 0.053091
98 90 0.049080
98 91 0.044962
98 92 0.040742
98 93 0.036436
98 94 0.032049
98 95 0.027596
98 96 0.023084
98 97 0.018525
98 98 0.013927
98 99 0.009300
98 100 0.004655
99 51 0.056201
99 52 0.057098
99 53 0.057967
99 54 0.058817
99 55 0.059631
99 56 0.060419
99 57 0.061162
99 58 0.061870
99 59 0.062522
99 60 0.063128
99 61 0.063667
99 62 0.064148
99 63 0.064550
99 64 0.064880
99 65 0.065119
99 66 0.065272
99 67 0.065322
99 68 0.065273
99 69 0.065110
99 70 0.064836
99 71 0.064436
99 72 0.063917
99 73 0.063264
99 74 0.062484
99 75 0.061566
99 76 0.060516
99 77 0.059326
99 78 0.058004
99 79 0.056543
99 80 0.054953
99 81 0.053230
99 82 0.051383
99 83 0.049411
99 84 0.047325
99 85 0.045123
99 86 0.042818
99 87 0.040410
99 88 0.037911
99 89 0.035323
99 90 0.032657
99 91 0.029916
99 92 0.027110
99 93 0.024244
99 94 0.021327
99 95 0.018363
99 96 0.015362
99 97 0.012327
99 98 0.009268
99 99 0.006189
99 100 0.003098
100 51 0.028094
100 52 0.028538
100 53 0.028975
100 54 0.029396
100 55 0.029806
100 56 0.030195
100 57 0.030569
100 58 0.030918
100 59 0.031246
100 60 0.031544
100 61 0.031816
100 62 0.032051
100 63 0.032254
100 64 0.032414
100 65 0.032535
100 66 0.032607
100 67 0.032634
100 68 0.032605
100 69 0.032525
100 70 0.032384
100 71 0.032186
100 72 0.031923
100 73 0.031598
100 74 0.031205
100 75 0.030748
100 76 0.030221
100 77 0.029628
100 78 0.028965
100 79 0.028238
100 80 0.027442
100 81 0.026583
100 82 0.025659
100 83 0.024676
100 84 0.023632
100 85 0.022534
100 86 0.021382
100 87 0.020181
100 88 0.018932
100 89 0.017641
100 90 0.016309
100 91 0.014941
100 92 0.013539
100 93 0.012109
100 94 0.010651
100 95 0.009172
100 96 0.007672
100 97 0.006157
100 98 0.004629
100 99 0.003091
100 100 0.001547
