1 1 0.040946
1 2 0.041095
1 3 0.041233
1 4 0.041362
1 5 0.041474
1 6 0.041572
1 7 0.041648
1 8 0.041705
1 9 0.041732
1 10 0.041732
1 11 0.041696
1 12 0.041624
1 13 0.041509
1 14 0.041351
1 15 0.041142
1 16 0.040883
1 17 0.040566
1 18 0.040194
1 19 0.039759
1 20 0.039264
1 21 0.038703
1 22 0.038079
1 23 0.037388
1 24 0.036635
1 25 0.035815
1 26 0.034934
1 27 0.033989
1 28 0.032986
1 29 0.031925
1 30 0.030810
1 31 0.029642
1 32 0.028426
1 33 0.027164
1 34 0.025860
1 35 0.024516
1 36 0.023137
1 37 0.021724
1 38 0.020283
1 39 0.018814
1 40 0.017322
1 41 0.015808
1 42 0.014276
1 43 0.012728
1 44 0.011166
1 45 0.009591
1 46 0.008007
1 47 0.006415
1 48 0.004817
1 49 0.003214
1 50 0.001608
2 1 0.081908
2 2 0.082203
2 3 0.082486
2 4 0.082740
2 5 0.082973
2 6 0.083167
2 7 0.083328
2 8 0.083438
2 9 0.083502
2 10 0.083500
2 11 0.083437
2 12 0.083293
2 13 0.083071
2 14 0.082753
2 15 0.082343
2 16 0.081823
2 17 0.081198
2 18 0.080451
2 19 0.079587
2 20 0.078593
2 21 0.077476
2 22 0.076225
2 23 0.074848
2 24 0.073336
2 25 0.071698
2 26 0.069931
2 27 0.068043
2 28 0.066032
2 29 0.063909
2 30 0.061674
2 31 0.059337
2 32 0.056900
2 33 0.054374
2 34 0.051761
2 35 0.049071
2 36 0.046308
2 37 0.043481
2 38 0.040593
2 39 0.037654
2 40 0.034666
2 41 0.031637
2 42 0.028569
2 43 0.025471
2 44 0.022344
2 45 0.019194
2 46 0.016023
2 47 0.012838
2 48 0.009639
2 49 0.006431
2 50 0.003217
3 1 0.122892
3 2 0.123347
3 3 0.123767
3 4 0.124163
3 5 0.124510
3 6 0.124817
3 7 0.125058
3 8 0.125241
3 9 0.125337
3 10 0.125352
3 11 0.125258
3 12 0.125059
3 13 0.124728
3 14 0.124269
3 15 0.123654
3 16 0.122889
3 17 0.121950
3 18 0.120842
3 19 0.119544
3 20 0.118064
3 21 0.116384
3 22 0.114514
3 23 0.112441
3 24 0.110177
3 25 0.107713
3 26 0.105062
3 27 0.102220
3 28 0.099202
3 29 0.096007
3 30 0.092650
3 31 0.089133
3 32 0.085473
3 33 0.081672
3 34 0.077747
3 35 0.073701
3 36 0.069551
3 37 0.065300
3 38 0.060963
3 39 0.056544
3 40 0.052057
3 41 0.047504
3 42 0.042899
3 43 0.038243
3 44 0.033548
3 45 0.028817
3 46 0.024057
3 47 0.019273
3 48 0.014471
3 49 0.009655
3 50 0.004830
4 1 0.163924
4 2 0.164527
4 3 0.165108
4 4 0.165634
4 5 0.166121
4 6 0.166533
4 7 0.166882
4 8 0.167130
4 9 0.167286
4 10 0.167313
4 11 0.167217
4 12 0.166959
4 13 0.166545
4 14 0.165939
4 15 0.165145
4 16 0.164130
4 17 0.162900
4 18 0.161424
4 19 0.159711
4 20 0.157735
4 21 0.155507
4 22 0.153007
4 23 0.150250
4 24 0.147220
4 25 0.143935
4 26 0.140386
4 27 0.136593
4 28 0.132551
4 29 0.128283
4 30 0.123788
4 31 0.119089
4 32 0.114188
4 33 0.109109
4 34 0.103855
4 35 0.098449
4 36 0.092895
4 37 0.087216
4 38 0.081415
4 39 0.075513
4 40 0.069513
4 41 0.063433
4 42 0.057278
4 43 0.051062
4 44 0.044790
4 45 0.038473
4 46 0.032116
4 47 0.025730
4 48 0.019318
4 49 0.012889
4 50 0.006447
5 1 0.204996
5 2 0.205776
5 3 0.206502
5 4 0.207192
5 5 0.207806
5 6 0.208359
5 7 0.208805
5 8 0.209156
5 9 0.209365
5 10 0.209441
5 11 0.209336
5 12 0.209056
5 13 0.208554
5 14 0.207836
5 15 0.206858
5 16 0.205624
5 17 0.204095
5 18 0.202279
5 19 0.200141
5 20 0.197692
5 21 0.194902
5 22 0.191790
5 23 0.188331
5 24 0.184547
5 25 0.180422
5 26 0.175981
5 27 0.171215
5 28 0.166152
5 29 0.160788
5 30 0.155153
5 31 0.149248
5 32 0.143103
5 33 0.136721
5 34 0.130134
5 35 0.123345
5 36 0.116383
5 37 0.109254
5 38 0.101984
5 39 0.094579
5 40 0.087062
5 41 0.079438
5 42 0.071729
5 43 0.063938
5 44 0.056084
5 45 0.048170
5 46 0.040211
5 47 0.032212
5 48 0.024185
5 49 0.016135
5 50 0.008071
6 1 0.246143
6 2 0.247079
6 3 0.247990
6 4 0.248827
6 5 0.249611
6 6 0.250290
6 7 0.250879
6 8 0.251323
6 9 0.251632
6 10 0.251750
6 11 0.251683
6 12 0.251375
6 13 0.250831
6 14 0.249995
6 15 0.248873
6 16 0.247414
6 17 0.245624
6 18 0.243457
6 19 0.240925
6 20 0.237988
6 21 0.234663
6 22 0.230919
6 23 0.226777
6 24 0.222216
6 25 0.217262
6 26 0.211902
6 27 0.206169
6 28 0.200054
6 29 0.193595
6 30 0.186789
6 31 0.179675
6 32 0.172255
6 33 0.164566
6 34 0.156614
6 35 0.148436
6 36 0.140038
6 37 0.131453
6 38 0.122688
6 39 0.113774
6 40 0.104717
6 41 0.095544
6 42 0.086261
6 43 0.076890
6 44 0.067437
6 45 0.057920
6 46 0.048346
6 47 0.038729
6 48 0.029076
6 49 0.019399
6 50 0.009703
7 1 0.287342
7 2 0.288478
7 3 0.289550
7 4 0.290584
7 5 0.291520
7 6 0.292379
7 7 0.293098
7 8 0.293691
7 9 0.294090
7 10 0.294307
7 11 0.294272
7 12 0.293992
7 13 0.293399
7 14 0.292499
7 15 0.291228
7 16 0.289591
7 17 0.287530
7 18 0.285055
7 19 0.282115
7 20 0.278725
7 21 0.274844
7 22 0.270494
7 23 0.265643
7 24 0.260322
7 25 0.254509
7 26 0.248240
7 27 0.241503
7 28 0.234341
7 29 0.226748
7 30 0.218770
7 31 0.210408
7 32 0.201707
7 33 0.192674
7 34 0.183352
7 35 0.173748
7 36 0.163906
7 37 0.153832
7 38 0.143565
7 39 0.133113
7 40 0.122509
7 41 0.111761
7 42 0.100897
7 43 0.089923
7 44 0.078865
7 45 0.067728
7 46 0.056532
7 47 0.045283
7 48 0.033996
7 49 0.022680
7 50 0.011345
8 1 0.328633
8 2 0.329942
8 3 0.331231
8 4 0.332437
8 5 0.333587
8 6 0.334609
8 7 0.335522
8 8 0.336251
8 9 0.336808
8 10 0.337115
8 11 0.337179
8 12 0.336921
8 13 0.336345
8 14 0.335375
8 15 0.334015
8 16 0.332192
8 17 0.329915
8 18 0.327119
8 19 0.323816
8 20 0.319953
8 21 0.315552
8 22 0.310569
8 23 0.305035
8 24 0.298920
8 25 0.292262
8 26 0.285044
8 27 0.277312
8 28 0.269058
8 29 0.260332
8 30 0.251135
8 31 0.241520
8 32 0.231493
8 33 0.221107
8 34 0.210370
8 35 0.199332
8 36 0.188004
8 37 0.176433
8 38 0.164627
8 39 0.152628
8 40 0.140445
8 41 0.128113
8 42 0.115641
8 43 0.103059
8 44 0.090373
8 45 0.077608
8 46 0.064771
8 47 0.051882
8 48 0.038947
8 49 0.025983
8 50 0.012996
9 1 0.369977
9 2 0.371517
9 3 0.372993
9 4 0.374440
9 5 0.375780
9 6 0.377037
9 7 0.378129
9 8 0.379071
9 9 0.379776
9 10 0.380252
9 11 0.380408
9 12 0.380250
9 13 0.379686
9 14 0.378720
9 15 0.377265
9 16 0.375324
9 17 0.372819
9 18 0.369760
9 19 0.366077
9 20 0.361789
9 21 0.356841
9 22 0.351260
9 23 0.345007
9 24 0.338121
9 25 0.330575
9 26 0.322420
9 27 0.313642
9 28 0.304298
9 29 0.294386
9 30 0.283966
9 31 0.273044
9 32 0.261682
9 33 0.249890
9 34 0.237727
9 35 0.225206
9 36 0.212382
9 37 0.199268
9 38 0.185912
9 39 0.172327
9 40 0.158555
9 41 0.144606
9 42 0.130518
9 43 0.116298
9 44 0.101976
9 45 0.087560
9 46 0.073075
9 47 0.058526
9 48 0.043935
9 49 0.029308
9 50 0.014660
10 1 0.411420
10 2 0.413154
10 3 0.414890
10 4 0.416548
10 5 0.418158
10 6 0.419631
10 7 0.420986
10 8 0.422129
10 9 0.423069
10 10 0.423707
10 11 0.424046
10 12 0.423984
10 13 0.423520
10 14 0.422554
10 15 0.421086
10 16 0.419020
10 17 0.416361
10 18 0.413024
10 19 0.409022
10 20 0.404285
10 21 0.398836
10 22 0.392623
10 23 0.385683
10 24 0.377980
10 25 0.369564
10 26 0.360418
10 27 0.350600
10 28 0.340106
10 29 0.329003
10 30 0.317298
10 31 0.305060
10 32 0.292301
10 33 0.279090
10 34 0.265443
10 35 0.251425
10 36 0.237051
10 37 0.222380
10 38 0.207427
10 39 0.192243
10 40 0.176842
10 41 0.161266
10 42 0.145526
10 43 0.129659
10 44 0.113673
10 45 0.097598
10 46 0.081441
10 47 0.065225
10 48 0.048958
10 49 0.032659
10 50 0.016335
11 1 0.452900
11 2 0.454904
11 3 0.456864
11 4 0.458818
11 5 0.460672
11 6 0.462452
11 7 0.464056
11 8 0.465497
11 9 0.466666
11 10 0.467567
11 11 0.468086
11 12 0.468221
11 13 0.467857
11 14 0.466988
11 15 0.465504
11 16 0.463402
11 17 0.460580
11 18 0.457043
11 19 0.452702
11 20 0.447576
11 21 0.441596
11 22 0.434793
11 23 0.427121
11 24 0.418627
11 25 0.409285
11 26 0.399156
11 27 0.388232
11 28 0.376587
11 29 0.364224
11 30 0.351223
11 31 0.337596
11 32 0.323425
11 33 0.308727
11 34 0.293579
11 35 0.277999
11 36 0.262059
11 37 0.245775
11 38 0.229210
11 39 0.212379
11 40 0.195334
11 41 0.178089
11 42 0.160688
11 43 0.143139
11 44 0.125480
11 45 0.107717
11 46 0.089880
11 47 0.071975
11 48 0.054024
11 49 0.036034
11 50 0.018023
12 1 0.494467
12 2 0.496697
12 3 0.498969
12 4 0.501187
12 5 0.503383
12 6 0.505451
12 7 0.507408
12 8 0.509137
12 9 0.510646
12 10 0.511809
12 11 0.512622
12 12 0.512958
12 13 0.512806
12 14 0.512038
12 15 0.510645
12 16 0.508505
12 17 0.505614
12 18 0.501864
12 19 0.497262
12 20 0.491722
12 21 0.485267
12 22 0.477833
12 23 0.469464
12 24 0.460122
12 25 0.449869
12 26 0.438689
12 27 0.426660
12 28 0.413785
12 29 0.400150
12 30 0.385771
12 31 0.370739
12 32 0.355076
12 33 0.338870
12 34 0.322146
12 35 0.304985
12 36 0.287410
12 37 0.269495
12 38 0.251259
12 39 0.232764
12 40 0.214028
12 41 0.195101
12 42 0.175996
12 43 0.156756
12 44 0.137390
12 45 0.117931
12 46 0.098387
12 47 0.078783
12 48 0.059127
12 49 0.039438
12 50 0.019724
13 1 0.536038
13 2 0.538584
13 3 0.541128
13 4 0.543712
13 5 0.546224
13 6 0.548690
13 7 0.550987
13 8 0.553126
13 9 0.554972
13 10 0.556524
13 11 0.557637
13 12 0.558302
13 13 0.558371
13 14 0.557829
13 15 0.556533
13 16 0.554469
13 17 0.551507
13 18 0.547641
13 19 0.542762
13 20 0.536882
13 21 0.529916
13 22 0.521901
13 23 0.512781
13 24 0.502616
13 25 0.491380
13 26 0.479153
13 27 0.465934
13 28 0.451818
13 29 0.436820
13 30 0.421043
13 31 0.404514
13 32 0.387333
13 33 0.369532
13 34 0.351206
13 35 0.332384
13 36 0.313152
13 37 0.293536
13 38 0.273609
13 39 0.253393
13 40 0.232948
13 41 0.212291
13 42 0.191471
13 43 0.170500
13 44 0.149417
13 45 0.128230
13 46 0.106970
13 47 0.085644
13 48 0.064274
13 49 0.042866
13 50 0.021439
14 1 0.577660
14 2 0.580473
14 3 0.583394
14 4 0.586309
14 5 0.589253
14 6 0.592100
14 7 0.594865
14 8 0.597409
14 9 0.599730
14 10 0.601676
14 11 0.603233
14 12 0.604241
14 13 0.604675
14 14 0.604373
14 15 0.603311
14 16 0.601332
14 17 0.598418
14 18 0.594432
14 19 0.589371
14 20 0.583126
14 21 0.575719
14 22 0.567073
14 23 0.557240
14 24 0.546181
14 25 0.533973
14 26 0.520609
14 27 0.506190
14 28 0.490732
14 29 0.474347
14 30 0.457067
14 31 0.439010
14 32 0.420211
14 33 0.400782
14 34 0.380762
14 35 0.360250
14 36 0.339279
14 37 0.317937
14 38 0.296250
14 39 0.274293
14 40 0.252082
14 41 0.229680
14 42 0.207098
14 43 0.184384
14 44 0.161547
14 45 0.138624
14 46 0.115620
14 47 0.092563
14 48 0.069457
14 49 0.046323
14 50 0.023166
15 1 0.619227
15 2 0.622411
15 3 0.625664
15 4 0.629030
15 5 0.632381
15 6 0.635741
15 7 0.638966
15 8 0.642060
15 9 0.644863
15 10 0.647360
15 11 0.649379
15 12 0.650891
15 13 0.651714
15 14 0.651811
15 15 0.651004
15 16 0.649256
15 17 0.646402
15 18 0.642418
15 19 0.637165
15 20 0.630647
15 21 0.622759
15 22 0.613539
15 23 0.602926
15 24 0.590994
15 25 0.577722
15 26 0.563214
15 27 0.547485
15 28 0.530658
15 29 0.512768
15 30 0.493949
15 31 0.474247
15 32 0.453790
15 33 0.432626
15 34 0.410874
15 35 0.388575
15 36 0.365834
15 37 0.342684
15 38 0.319213
15 39 0.295445
15 40 0.271451
15 41 0.247248
15 42 0.222891
15 43 0.198392
15 44 0.173792
15 45 0.149099
15 46 0.124343
15 47 0.099530
15 48 0.074681
15 49 0.049801
15 50 0.024906
16 1 0.660781
16 2 0.664281
16 3 0.667986
16 4 0.671767
16 5 0.675661
16 6 0.679519
16 7 0.683355
16 8 0.687004
16 9 0.690455
16 10 0.693524
16 11 0.696181
16 12 0.698229
16 13 0.699621
16 14 0.700154
16 15 0.699775
16 16 0.698287
16 17 0.695645
16 18 0.691673
16 19 0.686349
16 20 0.679536
16 21 0.671248
16 22 0.661397
16 23 0.650042
16 24 0.637145
16 25 0.622809
16 26 0.607040
16 27 0.589973
16 28 0.571645
16 29 0.552207
16 30 0.531715
16 31 0.510318
16 32 0.488076
16 33 0.465130
16 34 0.441532
16 35 0.417407
16 36 0.392798
16 37 0.367810
16 38 0.342473
16 39 0.316872
16 40 0.291029
16 41 0.265010
16 42 0.238828
16 43 0.212532
16 44 0.186131
16 45 0.159661
16 46 0.133125
16 47 0.106549
16 48 0.079937
16 49 0.053304
16 50 0.026655
17 1 0.702188
17 2 0.706123
17 3 0.710232
17 4 0.714566
17 5 0.718976
17 6 0.723488
17 7 0.727933
17 8 0.732310
17 9 0.736428
17 10 0.740260
17 11 0.743593
17 12 0.746378
17 13 0.748388
17 14 0.749557
17 15 0.749655
17 16 0.748613
17 17 0.746217
17 18 0.742413
17 19 0.737022
17 20 0.730026
17 21 0.721300
17 22 0.710878
17 23 0.698698
17 24 0.684848
17 25 0.669327
17 26 0.652270
17 27 0.633719
17 28 0.613840
17 29 0.592700
17 30 0.570473
17 31 0.547234
17 32 0.523147
17 33 0.498284
17 34 0.472790
17 35 0.446724
17 36 0.420207
17 37 0.393283
17 38 0.366052
17 39 0.338542
17 40 0.310832
17 41 0.282936
17 42 0.254916
17 43 0.226779
17 44 0.198569
17 45 0.170288
17 46 0.141967
17 47 0.113606
17 48 0.085225
17 49 0.056824
17 50 0.028415
18 1 0.743482
18 2 0.747790
18 3 0.752440
18 4 0.757287
18 5 0.762371
18 6 0.767524
18 7 0.772757
18 8 0.777876
18 9 0.782861
18 10 0.787493
18 11 0.791720
18 12 0.795301
18 13 0.798156
18 14 0.800029
18 15 0.800827
18 16 0.800294
18 17 0.798341
18 18 0.794741
18 19 0.789435
18 20 0.782247
18 21 0.773176
18 22 0.762119
18 23 0.749143
18 24 0.734223
18 25 0.717493
18 26 0.698992
18 27 0.678899
18 28 0.657295
18 29 0.634378
18 30 0.610243
18 31 0.585085
18 32 0.558996
18 33 0.532149
18 34 0.504622
18 35 0.476561
18 36 0.448023
18 37 0.419127
18 38 0.389911
18 39 0.360468
18 40 0.330818
18 41 0.301033
18 42 0.271122
18 43 0.241137
18 44 0.211079
18 45 0.180984
18 46 0.150850
18 47 0.120701
18 48 0.090534
18 49 0.060361
18 50 0.030181
19 1 0.784498
19 2 0.789312
19 3 0.794449
19 4 0.799965
19 5 0.805697
19 6 0.811670
19 7 0.817693
19 8 0.823759
19 9 0.829646
19 10 0.835308
19 11 0.840494
19 12 0.845120
19 13 0.848906
19 14 0.851740
19 15 0.853329
19 16 0.853548
19 17 0.852114
19 18 0.848920
19 19 0.843730
19 20 0.836489
19 21 0.827038
19 22 0.815407
19 23 0.801531
19 24 0.785529
19 25 0.767429
19 26 0.747419
19 27 0.725590
19 28 0.702167
19 29 0.677272
19 30 0.651132
19 31 0.623868
19 32 0.595689
19 33 0.566695
19 34 0.537066
19 35 0.506876
19 36 0.476267
19 37 0.445292
19 38 0.414059
19 39 0.382599
19 40 0.350993
19 41 0.319255
19 42 0.287446
19 43 0.255566
19 44 0.223658
19 45 0.191718
19 46 0.159773
19 47 0.127816
19 48 0.095862
19 49 0.063906
19 50 0.031953
20 1 0.825259
20 2 0.830509
20 3 0.836283
20 4 0.842427
20 5 0.848981
20 6 0.855764
20 7 0.862783
20 8 0.869821
20 9 0.876845
20 10 0.883600
20 11 0.890009
20 12 0.895777
20 13 0.900782
20 14 0.904697
20 15 0.907366
20 16 0.908455
20 17 0.907802
20 18 0.905097
20 19 0.900222
20 20 0.892941
20 21 0.883220
20 22 0.870938
20 23 0.856176
20 24 0.838933
20 25 0.819397
20 26 0.797664
20 27 0.773987
20 28 0.748513
20 29 0.721514
20 30 0.693146
20 31 0.663661
20 32 0.633195
20 33 0.601964
20 34 0.570070
20 35 0.537686
20 36 0.504879
20 37 0.471782
20 38 0.438435
20 39 0.404935
20 40 0.371300
20 41 0.337600
20 42 0.303839
20 43 0.270064
20 44 0.236270
20 45 0.202488
20 46 0.168707
20 47 0.134946
20 48 0.101193
20 49 0.067456
20 50 0.033725
21 1 0.865567
21 2 0.871396
21 3 0.877749
21 4 0.884687
21 5 0.892037
21 6 0.899828
21 7 0.907852
21 8 0.916096
21 9 0.924311
21 10 0.932432
21 11 0.940164
21 12 0.947384
21 13 0.953746
21 14 0.959074
21 15 0.962985
21 16 0.965269
21 17 0.965541
21 18 0.963602
21 19 0.959121
21 20 0.951979
21 21 0.941964
21 22 0.929089
21 23 0.913300
21 24 0.894761
21 25 0.873561
21 26 0.849975
21 27 0.824180
21 28 0.796496
21 29 0.767125
21 30 0.736378
21 31 0.704435
21 32 0.671561
21 33 0.637897
21 34 0.603651
21 35 0.568918
21 36 0.533857
21 37 0.498522
21 38 0.463030
21 39 0.427405
21 40 0.391729
21 41 0.356006
21 42 0.320293
21 43 0.284581
21 44 0.248907
21 45 0.213256
21 46 0.177649
21 47 0.142069
21 48 0.106525
21 49 0.071001
21 50 0.035497
22 1 0.905430
22 2 0.911760
22 3 0.918849
22 4 0.926535
22 5 0.934869
22 6 0.943659
22 7 0.952913
22 8 0.962399
22 9 0.972075
22 10 0.981653
22 11 0.991027
22 12 0.999847
22 13 1.007932
22 14 1.014868
22 15 1.020408
22 16 1.024097
22 17 1.025657
22 18 1.024648
22 19 1.020839
22 20 1.013891
22 21 1.003713
22 22 0.990152
22 23 0.973313
22 24 0.953249
22 25 0.930241
22 26 0.904494
22 27 0.876381
22 28 0.846164
22 29 0.814225
22 30 0.780806
22 31 0.746241
22 32 0.710719
22 33 0.674502
22 34 0.637718
22 35 0.600562
22 36 0.563108
22 37 0.525495
22 38 0.487757
22 39 0.449991
22 40 0.412203
22 41 0.374457
22 42 0.336744
22 43 0.299105
22 44 0.261520
22 45 0.224014
22 46 0.186563
22 47 0.149177
22 48 0.111835
22 49 0.074536
22 50 0.037261
23 1 0.944615
23 2 0.951595
23 3 0.959352
23 4 0.967962
23 5 0.977247
23 6 0.987245
23 7 0.997743
23 8 1.008728
23 9 1.019935
23 10 1.031286
23 11 1.042443
23 12 1.053243
23 13 1.063265
23 14 1.072246
23 15 1.079682
23 16 1.085230
23 17 1.088342
23 18 1.088661
23 19 1.085694
23 20 1.079190
23 21 1.068845
23 22 1.054641
23 23 1.036549
23 24 1.014817
23 25 0.989661
23 26 0.961505
23 27 0.930686
23 28 0.897674
23 29 0.862802
23 30 0.826491
23 31 0.789004
23 32 0.750672
23 33 0.711673
23 34 0.672249
23 35 0.632502
23 36 0.592600
23 37 0.552591
23 38 0.512585
23 39 0.472597
23 40 0.432696
23 41 0.392874
23 42 0.353173
23 43 0.313573
23 44 0.274096
23 45 0.234715
23 46 0.195440
23 47 0.156242
23 48 0.117121
23 49 0.078048
23 50 0.039016
24 1 0.983113
24 2 0.990652
24 3 0.999239
24 4 1.008713
24 5 1.019142
24 6 1.030332
24 7 1.042309
24 8 1.054835
24 9 1.067870
24 10 1.081110
24 11 1.094426
24 12 1.107417
24 13 1.119838
24 14 1.131168
24 15 1.141032
24 16 1.148798
24 17 1.153996
24 18 1.155961
24 19 1.154249
24 20 1.148332
24 21 1.137989
24 22 1.123019
24 23 1.103568
24 24 1.079811
24 25 1.052212
24 26 1.021181
24 27 0.987308
24 28 0.951044
24 29 0.912934
24 30 0.873350
24 31 0.832718
24 32 0.791290
24 33 0.749369
24 34 0.707101
24 35 0.664687
24 36 0.622198
24 37 0.579761
24 38 0.537396
24 39 0.495183
24 40 0.453111
24 41 0.411227
24 42 0.369503
24 43 0.327963
24 44 0.286574
24 45 0.245345
24 46 0.204239
24 47 0.163254
24 48 0.122356
24 49 0.081533
24 50 0.040754
25 1 1.020660
25 2 1.028907
25 3 1.038240
25 4 1.048753
25 5 1.060275
25 6 1.072869
25 7 1.086328
25 8 1.100660
25 9 1.115601
25 10 1.131078
25 11 1.146734
25 12 1.162372
25 13 1.177500
25 14 1.191755
25 15 1.204478
25 16 1.215122
25 17 1.222882
25 18 1.227111
25 19 1.227010
25 20 1.222060
25 21 1.211761
25 22 1.196028
25 23 1.174892
25 24 1.148789
25 25 1.118194
25 26 1.083832
25 27 1.046320
25 28 1.006381
25 29 0.964542
25 30 0.921371
25 31 0.877229
25 32 0.832507
25 33 0.787412
25 34 0.742193
25 35 0.696948
25 36 0.651828
25 37 0.606859
25 38 0.562130
25 39 0.517629
25 40 0.473403
25 41 0.429419
25 42 0.385700
25 43 0.342203
25 44 0.298935
25 45 0.255852
25 46 0.212948
25 47 0.170180
25 48 0.127535
25 49 0.084973
25 50 0.042472
26 1 1.057229
26 2 1.066077
26 3 1.076312
26 4 1.087782
26 5 1.100584
26 6 1.114542
26 7 1.129712
26 8 1.145876
26 9 1.163027
26 10 1.180867
26 11 1.199278
26 12 1.217835
26 13 1.236243
26 14 1.253876
26 15 1.270197
26 16 1.284330
26 17 1.295482
26 18 1.302592
26 19 1.304789
26 20 1.301137
26 21 1.291126
26 22 1.274440
26 23 1.251331
26 24 1.222259
26 25 1.188081
26 26 1.149633
26 27 1.107889
26 28 1.063618
26 29 1.017601
26 30 0.970364
26 31 0.922430
26 32 0.874096
26 33 0.825679
26 34 0.777312
26 35 0.729176
26 36 0.681306
26 37 0.633799
26 38 0.586638
26 39 0.539870
26 40 0.493453
26 41 0.447406
26 42 0.401674
26 43 0.356262
26 44 0.311112
26 45 0.266216
26 46 0.221520
26 47 0.177008
26 48 0.132630
26 49 0.088363
26 50 0.044163
27 1 1.092529
27 2 1.102120
27 3 1.113148
27 4 1.125738
27 5 1.139738
27 6 1.155251
27 7 1.172102
27 8 1.190348
27 9 1.209762
27 10 1.230316
27 11 1.251678
27 12 1.273667
27 13 1.295760
27 14 1.317515
27 15 1.338104
27 16 1.356710
27 17 1.372123
27 18 1.383166
27 19 1.388415
27 20 1.386739
27 21 1.377166
27 22 1.359430
27 23 1.333734
27 24 1.300976
27 25 1.262240
27 26 1.218863
27 27 1.171986
27 28 1.122727
27 29 1.071879
27 30 1.020169
27 31 0.968032
27 32 0.915878
27 33 0.863896
27 34 0.812300
27 35 0.761137
27 36 0.710510
27 37 0.660393
27 38 0.610829
27 39 0.561761
27 40 0.513200
27 41 0.465076
27 42 0.417386
27 43 0.370058
27 44 0.323078
27 45 0.276380
27 46 0.229941
27 47 0.183701
27 48 0.137634
27 49 0.091686
27 50 0.045823
28 1 1.126524
28 2 1.136727
28 3 1.148690
28 4 1.162282
28 5 1.177639
28 6 1.194623
28 7 1.213349
28 8 1.233653
28 9 1.255599
28 10 1.278957
28 11 1.303681
28 12 1.329395
28 13 1.355831
28 14 1.382321
28 15 1.408194
28 16 1.432285
28 17 1.453322
28 18 1.469532
28 19 1.479140
28 20 1.480239
28 21 1.471529
28 22 1.452379
28 23 1.423346
28 24 1.385672
28 25 1.341178
28 26 1.291593
28 27 1.238595
28 28 1.183425
28 29 1.127142
28 30 1.070403
28 31 1.013763
28 32 0.957487
28 33 0.901832
28 34 0.846855
28 35 0.792659
28 36 0.739204
28 37 0.686519
28 38 0.634525
28 39 0.583218
28 40 0.532509
28 41 0.482377
28 42 0.432735
28 43 0.383558
28 44 0.334763
28 45 0.286322
28 46 0.238161
28 47 0.190248
28 48 0.142519
28 49 0.094936
28 50 0.047444
29 1 1.158904
29 2 1.169849
29 3 1.182604
29 4 1.197331
29 5 1.213914
29 6 1.232515
29 7 1.253019
29 8 1.275568
29 9 1.300024
29 10 1.326472
29 11 1.354694
29 12 1.384628
29 13 1.415847
29 14 1.447958
29 15 1.480066
29 16 1.511112
29 17 1.539347
29 18 1.562682
29 19 1.578373
29 20 1.583713
29 21 1.576332
29 22 1.555363
29 23 1.521601
29 24 1.477332
29 25 1.425206
29 26 1.367872
29 27 1.307376
29 28 1.245362
29 29 1.182862
29 30 1.120658
29 31 1.059130
29 32 0.998587
29 33 0.939090
29 34 0.880730
29 35 0.823439
29 36 0.767219
29 37 0.711954
29 38 0.657615
29 39 0.604079
29 40 0.551309
29 41 0.499188
29 42 0.447678
29 43 0.396675
29 44 0.346140
29 45 0.295984
29 46 0.246167
29 47 0.196612
29 48 0.147277
29 49 0.098095
29 50 0.049022
30 1 1.189636
30 2 1.201162
30 3 1.214826
30 4 1.230523
30 5 1.248445
30 6 1.268506
30 7 1.290907
30 8 1.315577
30 9 1.342709
30 10 1.372215
30 11 1.404233
30 12 1.438578
30 13 1.475196
30 14 1.513597
30 15 1.553207
30 16 1.592748
30 17 1.630460
30 18 1.663475
30 19 1.688128
30 20 1.699910
30 21 1.694879
30 22 1.671141
30 23 1.630508
30 24 1.576850
30 25 1.514582
30 26 1.447313
30 27 1.377807
30 28 1.307785
30 29 1.238411
30 30 1.170237
30 31 1.103630
30 32 1.038639
30 33 0.975318
30 34 0.913538
30 35 0.853248
30 36 0.794278
30 37 0.736551
30 38 0.679901
30 39 0.624253
30 40 0.569459
30 41 0.515455
30 42 0.462112
30 43 0.409377
30 44 0.357138
30 45 0.305347
30 46 0.253911
30 47 0.202782
30 48 0.151881
30 49 0.101160
30 50 0.050550
31 1 1.218406
31 2 1.230626
31 3 1.245015
31 4 1.261775
31 5 1.280836
31 6 1.302431
31 7 1.326527
31 8 1.353389
31 9 1.383019
31 10 1.415699
31 11 1.451443
31 12 1.490491
31 13 1.532760
31 14 1.578246
31 15 1.626415
31 16 1.676414
31 17 1.726271
31 18 1.772809
31 19 1.810755
31 20 1.833081
31 21 1.832133
31 22 1.803964
31 23 1.752439
31 24 1.685117
31 25 1.608957
31 26 1.529126
31 27 1.448752
31 28 1.369690
31 29 1.292759
31 30 1.218371
31 31 1.146513
31 32 1.077137
31 33 1.010004
31 34 0.944959
31 35 0.881738
31 36 0.820189
31 37 0.760073
31 38 0.701267
31 39 0.643573
31 40 0.586891
31 41 0.531060
31 42 0.476001
31 43 0.421581
31 44 0.367736
31 45 0.314355
31 46 0.261381
31 47 0.208723
31 48 0.156327
31 49 0.104113
31 50 0.052026
32 1 1.245200
32 2 1.257924
32 3 1.273125
32 4 1.290727
32 5 1.310978
32 6 1.333855
32 7 1.359657
32 8 1.388431
32 9 1.420542
32 10 1.456119
32 11 1.495598
32 12 1.539184
32 13 1.587337
32 14 1.640212
32 15 1.698005
32 16 1.760221
32 17 1.825590
32 18 1.890736
32 19 1.949168
32 20 1.989525
32 21 1.996758
32 22 1.960142
32 23 1.890308
32 24 1.802222
32 25 1.707138
32 26 1.611483
32 27 1.518517
32 28 1.429462
32 29 1.344689
32 30 1.263975
32 31 1.187033
32 32 1.113393
32 33 1.042711
32 34 0.974558
32 35 0.908658
32 36 0.844665
32 37 0.782376
32 38 0.721523
32 39 0.661959
32 40 0.603473
32 41 0.545959
32 42 0.489251
32 43 0.433265
32 44 0.377869
32 45 0.322996
32 46 0.268537
32 47 0.214432
32 48 0.160589
32 49 0.106952
32 50 0.053442
33 1 1.269722
33 2 1.283046
33 3 1.298833
33 4 1.317327
33 5 1.338494
33 6 1.362641
33 7 1.389816
33 8 1.420413
33 9 1.454599
33 10 1.492896
33 11 1.535645
33 12 1.583553
33 13 1.637191
33 14 1.697483
33 15 1.765171
33 16 1.841073
33 17 1.925131
33 18 2.015551
33 19 2.105657
33 20 2.179242
33 21 2.205233
33 22 2.149676
33 23 2.046429
33 24 1.926458
33 25 1.805890
33 26 1.691283
33 27 1.584369
33 28 1.485082
33 29 1.392560
33 30 1.305931
33 31 1.224250
33 32 1.146806
33 33 1.072889
33 34 1.002013
33 35 0.933669
33 36 0.867535
33 37 0.803244
33 38 0.740577
33 39 0.679266
33 40 0.619159
33 41 0.560053
33 42 0.501839
33 43 0.444359
33 44 0.387529
33 45 0.331224
33 46 0.275374
33 47 0.219876
33 48 0.164668
33 49 0.109663
33 50 0.054798
34 1 1.291999
34 2 1.305704
34 3 1.322141
34 4 1.341253
34 5 1.363330
34 6 1.388398
34 7 1.416840
34 8 1.448805
34 9 1.484817
34 10 1.525223
34 11 1.570788
34 12 1.622192
34 13 1.680626
34 14 1.747360
34 15 1.824335
34 16 1.913770
34 17 2.018495
34 18 2.140678
34 19 2.278822
34 20 2.416554
34 21 2.495386
34 22 2.386899
34 23 2.219403
34 24 2.051289
34 25 1.898811
34 26 1.763389
34 27 1.642725
34 28 1.533935
34 29 1.434665
34 30 1.342941
34 31 1.257350
34 32 1.176692
34 33 1.100140
34 34 1.026934
34 35 0.956576
34 36 0.888563
34 37 0.822579
34 38 0.758276
34 39 0.695450
34 40 0.633845
34 41 0.573324
34 42 0.513695
34 43 0.454858
34 44 0.396666
34 45 0.339039
34 46 0.281860
34 47 0.225060
34 48 0.168544
34 49 0.112248
34 50 0.056088
35 1 1.311770
35 2 1.325945
35 3 1.342774
35 4 1.362521
35 5 1.385173
35 6 1.411080
35 7 1.440341
35 8 1.473435
35 9 1.510641
35 10 1.552662
35 11 1.600092
35 12 1.654053
35 13 1.715761
35 14 1.787223
35 15 1.871039
35 16 1.971378
35 17 2.094401
35 18 2.250011
35 19 2.452400
35 20 2.712891
35 21 2.972860
35 22 2.683243
35 23 2.392993
35 24 2.160609
35 25 1.974675
35 26 1.820866
35 27 1.689207
35 28 1.573398
35 29 1.469224
35 30 1.373941
35 31 1.285518
35 32 1.202592
35 33 1.124042
35 34 1.049119
35 35 0.977139
35 36 0.907660
35 37 0.840234
35 38 0.774589
35 39 0.710411
35 40 0.647524
35 41 0.585702
35 42 0.524822
35 43 0.464713
35 44 0.405286
35 45 0.346406
35 46 0.288001
35 47 0.229962
35 48 0.172223
35 49 0.114695
35 50 0.057313
36 1 1.329120
36 2 1.343532
36 3 1.360806
36 4 1.380884
36 5 1.404072
36 6 1.430408
36 7 1.460306
36 8 1.493952
36 9 1.531935
36 10 1.574690
36 11 1.623131
36 12 1.678168
36 13 1.741384
36 14 1.814731
36 15 1.901436
36 16 2.006303
36 17 2.137903
36 18 2.312566
36 19 2.568014
36 20 3.009750
36 21 4.000000
36 22 2.980220
36 23 2.508826
36 24 2.223479
36 25 2.018539
36 26 1.856194
36 27 1.719968
36 28 1.601227
36 29 1.495020
36 30 1.398081
36 31 1.308313
36 32 1.224117
36 33 1.144435
36 34 1.068362
36 35 0.995306
36 36 0.924705
36 37 0.856206
36 38 0.789433
36 39 0.724166
36 40 0.660140
36 41 0.597209
36 42 0.535178
36 43 0.473945
36 44 0.413360
36 45 0.353343
36 46 0.293776
36 47 0.234591
36 48 0.175691
36 49 0.117011
36 50 0.058470
37 1 1.343841
37 2 1.358584
37 3 1.376035
37 4 1.396455
37 5 1.419822
37 6 1.446482
37 7 1.476525
37 8 1.510427
37 9 1.548456
37 10 1.591311
37 11 1.639574
37 12 1.694362
37 13 1.756876
37 14 1.829118
37 15 1.913672
37 16 2.014699
37 17 2.138343
37 18 2.294499
37 19 2.497341
37 20 2.758185
37 21 3.018391
37 22 2.728886
37 23 2.438611
37 24 2.206061
37 25 2.019810
37 26 1.865531
37 27 1.733245
37 28 1.616656
37 29 1.511546
37 30 1.415181
37 31 1.325534
37 32 1.241251
37 33 1.161219
37 34 1.084700
37 35 1.011020
37 36 0.939750
37 37 0.870452
37 38 0.802863
37 39 0.736680
37 40 0.671738
37 41 0.607816
37 42 0.544802
37 43 0.482530
37 44 0.420916
37 45 0.359831
37 46 0.299206
37 47 0.238937
37 48 0.178961
37 49 0.119190
37 50 0.059561
38 1 1.356087
38 2 1.370930
38 3 1.388622
38 4 1.409081
38 5 1.432598
38 6 1.459175
38 7 1.489192
38 8 1.522775
38 9 1.560445
38 10 1.602523
38 11 1.649768
38 12 1.702831
38 13 1.762892
38 14 1.831193
38 15 1.909659
38 16 2.000478
38 17 2.106462
38 18 2.229745
38 19 2.368812
38 20 2.507257
38 21 2.586577
38 22 2.478321
38 23 2.310787
38 24 2.142345
38 25 1.989239
38 26 1.852876
38 27 1.730961
38 28 1.620604
38 29 1.519461
38 30 1.425564
38 31 1.337518
38 32 1.254134
38 33 1.174608
38 34 1.098200
38 35 1.024433
38 36 0.952825
38 37 0.883086
38 38 0.814886
38 39 0.748042
38 40 0.682316
38 41 0.617590
38 42 0.553684
38 43 0.490515
38 44 0.427944
38 45 0.365903
38 46 0.304281
38 47 0.243020
38 48 0.182026
38 49 0.121241
38 50 0.060586
39 1 1.365707
39 2 1.380763
39 3 1.398441
39 4 1.418980
39 5 1.442314
39 6 1.468746
39 7 1.498293
39 8 1.531342
39 9 1.568026
39 10 1.608859
39 11 1.654142
39 12 1.704570
39 13 1.760669
39 14 1.823346
39 15 1.893294
39 16 1.971309
39 17 2.057281
39 18 2.149388
39 19 2.240905
39 20 2.315596
39 21 2.342340
39 22 2.287160
39 23 2.183872
39 24 2.063427
39 25 1.941923
39 26 1.825914
39 27 1.717118
39 28 1.615476
39 29 1.520131
39 30 1.430229
39 31 1.344840
39 32 1.263286
39 33 1.184881
39 34 1.109174
39 35 1.035688
39 36 0.964136
39 37 0.894183
39 38 0.825647
39 39 0.758284
39 40 0.691976
39 41 0.626542
39 42 0.561898
39 43 0.497903
39 44 0.434493
39 45 0.371556
39 46 0.309035
39 47 0.246835
39 48 0.184904
39 49 0.123161
39 50 0.061550
40 1 1.372922
40 2 1.387976
40 3 1.405737
40 4 1.426083
40 5 1.449262
40 6 1.475204
40 7 1.504208
40 8 1.536274
40 9 1.571761
40 10 1.610747
40 11 1.653656
40 12 1.700637
40 13 1.752131
40 14 1.808230
40 15 1.869101
40 16 1.934184
40 17 2.002172
40 18 2.069622
40 19 2.130001
40 20 2.171882
40 21 2.180179
40 22 2.144105
40 23 2.074261
40 24 1.985566
40 25 1.889260
40 26 1.791738
40 27 1.696265
40 28 1.604053
40 29 1.515496
40 30 1.430381
40 31 1.348460
40 32 1.269290
40 33 1.192577
40 34 1.117929
40 35 1.045121
40 36 0.973850
40 37 0.903964
40 38 0.835234
40 39 0.767560
40 40 0.700764
40 41 0.634778
40 42 0.569463
40 43 0.504765
40 44 0.440572
40 45 0.376838
40 46 0.313466
40 47 0.250413
40 48 0.187595
40 49 0.124965
40 50 0.062452
41 1 1.377631
41 2 1.392828
41 3 1.410448
41 4 1.430696
41 5 1.453445
41 6 1.478930
41 7 1.507062
41 8 1.538103
41 9 1.571995
41 10 1.609010
41 11 1.649097
41 12 1.692474
41 13 1.738986
41 14 1.788599
41 15 1.840696
41 16 1.894384
41 17 1.947603
41 18 1.997129
41 19 2.037597
41 20 2.061930
41 21 2.062389
41 22 2.034982
41 23 1.983501
41 24 1.915474
41 25 1.837811
41 26 1.755668
41 27 1.672148
41 28 1.589124
41 29 1.507418
41 30 1.427481
41 31 1.349328
41 32 1.272969
41 33 1.198210
41 34 1.124963
41 35 1.053017
41 36 0.982287
41 37 0.912590
41 38 0.843863
41 39 0.775956
41 40 0.708825
41 41 0.642343
41 42 0.576478
41 43 0.511123
41 44 0.446246
41 45 0.381757
41 46 0.317619
41 47 0.253754
41 48 0.190123
41 49 0.126653
41 50 0.063300
42 1 1.380109
42 2 1.395258
42 3 1.412880
42 4 1.432806
42 5 1.455232
42 6 1.480008
42 7 1.507337
42 8 1.537079
42 9 1.569421
42 10 1.604203
42 11 1.641543
42 12 1.681176
42 13 1.723016
42 14 1.766482
42 15 1.810953
42 16 1.855051
42 17 1.896957
42 18 1.933693
42 19 1.961530
42 20 1.975851
42 21 1.972649
42 22 1.949931
42 23 1.909457
42 24 1.855018
42 25 1.791003
42 26 1.720973
42 27 1.647693
42 28 1.572875
42 29 1.497717
42 30 1.422796
42 31 1.348540
42 32 1.275049
42 33 1.202456
42 34 1.130699
42 35 1.059812
42 36 0.989692
42 37 0.920348
42 38 0.851673
42 39 0.783668
42 40 0.716235
42 41 0.649370
42 42 0.582984
42 43 0.517065
42 44 0.451534
42 45 0.386370
42 46 0.321500
42 47 0.256895
42 48 0.192487
42 49 0.128241
42 50 0.064093
43 1 1.380292
43 2 1.395572
43 3 1.413007
43 4 1.432768
43 5 1.454668
43 6 1.478874
43 7 1.505197
43 8 1.533781
43 9 1.564406
43 10 1.597147
43 11 1.631695
43 12 1.667963
43 13 1.705420
43 14 1.743631
43 15 1.781584
43 16 1.818159
43 17 1.851479
43 18 1.879379
43 19 1.898981
43 20 1.907497
43 21 1.902425
43 22 1.882823
43 23 1.849376
43 24 1.804314
43 25 1.750210
43 26 1.689693
43 27 1.624775
43 28 1.557123
43 29 1.487781
43 30 1.417592
43 31 1.346987
43 32 1.276367
43 33 1.205868
43 34 1.135687
43 35 1.065840
43 36 0.996434
43 37 0.927437
43 38 0.858912
43 39 0.790807
43 40 0.723163
43 41 0.655918
43 42 0.589091
43 43 0.522621
43 44 0.456508
43 45 0.390690
43 46 0.325154
43 47 0.259838
43 48 0.194716
43 49 0.129729
43 50 0.064842
44 1 1.378486
44 2 1.393729
44 3 1.411167
44 4 1.430590
44 5 1.452147
44 6 1.475622
44 7 1.501136
44 8 1.528441
44 9 1.557598
44 10 1.588284
44 11 1.620432
44 12 1.653560
44 13 1.687358
44 14 1.721036
44 15 1.753859
44 16 1.784521
44 17 1.811665
44 18 1.833363
44 19 1.847741
44 20 1.852731
44 21 1.846932
44 22 1.829563
44 23 1.801096
44 24 1.762653
44 25 1.716006
44 26 1.662815
44 27 1.604757
44 28 1.543062
44 29 1.478845
44 30 1.412804
44 31 1.345594
44 32 1.277563
44 33 1.209092
44 34 1.140342
44 35 1.071547
44 36 1.002768
44 37 0.934159
44 38 0.865730
44 39 0.797580
44 40 0.729691
44 41 0.662124
44 42 0.594844
44 43 0.527881
44 44 0.461189
44 45 0.394776
44 46 0.328589
44 47 0.262618
44 48 0.196808
44 49 0.131134
44 50 0.065544
45 1 1.374643
45 2 1.390059
45 3 1.407342
45 4 1.426636
45 5 1.447709
45 6 1.470678
45 7 1.495282
45 8 1.521584
45 9 1.549262
45 10 1.578278
45 11 1.608190
45 12 1.638787
45 13 1.669416
45 14 1.699579
45 15 1.728294
45 16 1.754662
45 17 1.777295
45 18 1.794908
45 19 1.805887
45 20 1.808975
45 21 1.803009
45 22 1.787602
45 23 1.762792
45 24 1.729385
45 25 1.688346
45 26 1.640979
45 27 1.588375
45 28 1.531686
45 29 1.471733
45 30 1.409337
45 31 1.345021
45 32 1.279338
45 33 1.212597
45 34 1.145170
45 35 1.077235
45 36 1.009048
45 37 0.940701
45 38 0.872369
45 39 0.804091
45 40 0.735983
45 41 0.668045
45 42 0.600349
45 43 0.532871
45 44 0.465646
45 45 0.398635
45 46 0.331848
45 47 0.265237
45 48 0.198789
45 49 0.132456
45 50 0.066208
46 1 1.369083
46 2 1.384520
46 3 1.401872
46 4 1.420903
46 5 1.441733
46 6 1.464099
46 7 1.488076
46 8 1.513352
46 9 1.539919
46 10 1.567374
46 11 1.595580
46 12 1.623982
46 13 1.652237
46 14 1.679568
46 15 1.705354
46 16 1.728536
46 17 1.748204
46 18 1.763085
46 19 1.772162
46 20 1.774271
46 21 1.768745
46 22 1.755046
46 23 1.733286
46 24 1.703747
46 25 1.667201
46 26 1.624379
46 27 1.576251
46 28 1.523577
46 29 1.467222
46 30 1.407792
46 31 1.345964
46 32 1.282171
46 33 1.216921
46 34 1.150507
46 35 1.083299
46 36 1.015487
46 37 0.947336
46 38 0.878955
46 39 0.810527
46 40 0.742104
46 41 0.673804
46 42 0.605636
46 43 0.537671
46 44 0.469888
46 45 0.402320
46 46 0.334932
46 47 0.267725
46 48 0.200656
46 49 0.133707
46 50 0.066833
47 1 1.361754
47 2 1.377440
47 3 1.394724
47 4 1.413736
47 5 1.434219
47 6 1.456264
47 7 1.479572
47 8 1.504170
47 9 1.529687
47 10 1.556048
47 11 1.582773
47 12 1.609632
47 13 1.635983
47 14 1.661394
47 15 1.685018
47 16 1.706196
47 17 1.723898
47 18 1.737320
47 19 1.745402
47 20 1.747437
47 21 1.742652
47 22 1.730765
47 23 1.711559
47 24 1.685316
47 25 1.652333
47 26 1.613267
47 27 1.568672
47 28 1.519317
47 29 1.465786
47 30 1.408801
47 31 1.348870
47 32 1.286606
47 33 1.222409
47 34 1.156766
47 35 1.089967
47 36 1.022381
47 37 0.954200
47 38 0.885688
47 39 0.816959
47 40 0.748189
47 41 0.679430
47 42 0.610794
47 43 0.542288
47 44 0.473972
47 45 0.405827
47 46 0.337873
47 47 0.270075
47 48 0.202427
47 49 0.134885
47 50 0.067424
48 1 1.352973
48 2 1.368763
48 3 1.386221
48 4 1.405098
48 5 1.425508
48 6 1.447166
48 7 1.470132
48 8 1.494067
48 9 1.518950
48 10 1.544359
48 11 1.570153
48 12 1.595791
48 13 1.620975
48 14 1.645007
48 15 1.667412
48 16 1.687332
48 17 1.704139
48 18 1.716893
48 19 1.724936
48 20 1.727423
48 21 1.723888
48 22 1.713802
48 23 1.697080
48 24 1.673624
48 25 1.643740
48 26 1.607686
48 27 1.566032
48 28 1.519234
48 29 1.467969
48 30 1.412755
48 31 1.354262
48 32 1.292973
48 33 1.229481
48 34 1.164180
48 35 1.097546
48 36 1.029869
48 37 0.961505
48 38 0.892640
48 39 0.823525
48 40 0.754262
48 41 0.685013
48 42 0.615821
48 43 0.546778
48 44 0.477886
48 45 0.409189
48 46 0.340660
48 47 0.272308
48 48 0.204092
48 49 0.135997
48 50 0.067977
49 1 1.342669
49 2 1.358797
49 3 1.376297
49 4 1.395301
49 5 1.415547
49 6 1.437123
49 7 1.459721
49 8 1.483366
49 9 1.507688
49 10 1.532617
49 11 1.557691
49 12 1.582720
49 13 1.607117
49 14 1.630547
49 15 1.652290
49 16 1.671861
49 17 1.688434
49 18 1.701436
49 19 1.710027
49 20 1.713672
49 21 1.711674
49 22 1.703699
49 23 1.689335
49 24 1.668563
49 25 1.641316
49 26 1.607894
49 27 1.568537
49 28 1.523790
49 29 1.474102
49 30 1.420146
49 31 1.362449
49 32 1.301689
49 33 1.238362
49 34 1.173057
49 35 1.106169
49 36 1.038161
49 37 0.969309
49 38 0.899946
49 39 0.830238
49 40 0.760409
49 41 0.690541
49 42 0.620769
49 43 0.551119
49 44 0.481662
49 45 0.412383
49 46 0.343309
49 47 0.274404
49 48 0.205661
49 49 0.137035
49 50 0.068497
50 1 1.331142
50 2 1.347458
50 3 1.365247
50 4 1.384263
50 5 1.404626
50 6 1.426056
50 7 1.448621
50 8 1.471990
50 9 1.496161
50 10 1.520732
50 11 1.545603
50 12 1.570279
50 13 1.594539
50 14 1.617775
50 15 1.639631
50 16 1.659388
50 17 1.676572
50 18 1.690391
50 19 1.700315
50 20 1.705566
50 21 1.705669
50 22 1.699983
50 23 1.688214
50 24 1.669977
50 25 1.645267
50 26 1.614036
50 27 1.576613
50 28 1.533288
50 29 1.484669
50 30 1.431277
50 31 1.373850
50 32 1.312974
50 33 1.249357
50 34 1.183516
50 35 1.116035
50 36 1.047298
50 37 0.977735
50 38 0.907595
50 39 0.837169
50 40 0.766594
50 41 0.696051
50 42 0.625597
50 43 0.555332
50 44 0.485259
50 45 0.415422
50 46 0.345791
50 47 0.276370
50 48 0.207114
50 49 0.138000
50 50 0.068975
