1 1 0.046433
1 2 0.092907
1 3 0.139452
1 4 0.186116
1 5 0.232911
1 6 0.279890
1 7 0.327041
1 8 0.374412
1 9 0.421961
1 10 0.469721
1 11 0.517607
1 12 0.565626
1 13 0.613633
1 14 0.661590
1 15 0.709274
1 16 0.756577
1 17 0.803179
1 18 0.848886
1 19 0.893264
1 20 0.936035
1 21 0.976672
1 22 1.014851
1 23 1.050028
1 24 1.081937
1 25 1.110148
1 26 1.134601
1 27 1.155116
1 28 1.171934
1 29 1.185159
1 30 1.195299
1 31 1.202646
1 32 1.207841
1 33 1.211217
1 34 1.213414
1 35 1.214703
1 36 1.215650
1 37 1.216421
1 38 1.217490
1 39 1.218919
1 40 1.221097
1 41 1.224006
1 42 1.227969
1 43 1.232906
1 44 1.239095
1 45 1.246409
1 46 1.255098
1 47 1.265001
1 48 1.276343
1 49 1.288939
1 50 1.302992
2 1 0.045108
2 2 0.090242
2 3 0.135435
2 4 0.180698
2 5 0.226072
2 6 0.271545
2 7 0.317158
2 8 0.362872
2 9 0.408721
2 10 0.454629
2 11 0.500610
2 12 0.546543
2 13 0.592409
2 14 0.638025
2 15 0.683326
2 16 0.728052
2 17 0.772078
2 18 0.815059
2 19 0.856805
2 20 0.896896
2 21 0.935100
2 22 0.970960
2 23 1.004263
2 24 1.034599
2 25 1.061869
2 26 1.085807
2 27 1.106522
2 28 1.123957
2 29 1.138445
2 30 1.150117
2 31 1.159472
2 32 1.166736
2 33 1.172472
2 34 1.176909
2 35 1.180590
2 36 1.183684
2 37 1.186676
2 38 1.189656
2 39 1.193038
2 40 1.196834
2 41 1.201400
2 42 1.206683
2 43 1.212991
2 44 1.220223
2 45 1.228650
2 46 1.238135
2 47 1.248922
2 48 1.260848
2 49 1.274131
2 50 1.288587
3 1 0.043759
3 2 0.087540
3 3 0.131349
3 4 0.175217
3 5 0.219133
3 6 0.263130
3 7 0.307173
3 8 0.351292
3 9 0.395421
3 10 0.439580
3 11 0.483662
3 12 0.527665
3 13 0.571435
3 14 0.614935
3 15 0.657953
3 16 0.700408
3 17 0.742021
3 18 0.782667
3 19 0.822001
3 20 0.859864
3 21 0.895871
3 22 0.929864
3 23 0.961467
3 24 0.990584
3 25 1.016920
3 26 1.040513
3 27 1.061209
3 28 1.079219
3 29 1.094547
3 30 1.107564
3 31 1.118388
3 32 1.127488
3 33 1.135028
3 34 1.141504
3 35 1.147062
3 36 1.152178
3 37 1.156944
3 38 1.161789
3 39 1.166743
3 40 1.172181
3 41 1.178077
3 42 1.184760
3 43 1.192152
3 44 1.200548
3 45 1.209831
3 46 1.220266
3 47 1.231705
3 48 1.244390
3 49 1.258151
3 50 1.273206
4 1 0.042401
4 2 0.084809
4 3 0.127241
4 4 0.169688
4 5 0.212174
4 6 0.254668
4 7 0.297196
4 8 0.339700
4 9 0.382200
4 10 0.424606
4 11 0.466923
4 12 0.509021
4 13 0.550882
4 14 0.592329
4 15 0.633314
4 16 0.673606
4 17 0.713125
4 18 0.751586
4 19 0.788882
4 20 0.824688
4 21 0.858890
4 22 0.891157
4 23 0.921408
4 24 0.949349
4 25 0.974987
4 26 0.998116
4 27 1.018870
4 28 1.037164
4 29 1.053267
4 30 1.067203
4 31 1.079351
4 32 1.089800
4 33 1.098986
4 34 1.107016
4 35 1.114333
4 36 1.121021
4 37 1.127502
4 38 1.133813
4 39 1.140340
4 40 1.147071
4 41 1.154353
4 42 1.162127
4 43 1.170703
4 44 1.179987
4 45 1.190259
4 46 1.201391
4 47 1.213641
4 48 1.226856
4 49 1.241273
4 50 1.256719
5 1 0.041037
5 2 0.082079
5 3 0.123118
5 4 0.164169
5 5 0.205206
5 6 0.246246
5 7 0.287242
5 8 0.328210
5 9 0.369073
5 10 0.409842
5 11 0.450403
5 12 0.490754
5 13 0.530744
5 14 0.570347
5 15 0.609369
5 16 0.647763
5 17 0.685288
5 18 0.721877
5 19 0.757253
5 20 0.791341
5 21 0.823846
5 22 0.854712
5 23 0.883659
5 24 0.910684
5 25 0.935561
5 26 0.958377
5 27 0.978992
5 28 0.997601
5 29 1.014154
5 30 1.028951
5 31 1.042012
5 32 1.053710
5 33 1.064101
5 34 1.073589
5 35 1.082233
5 36 1.090435
5 37 1.098228
5 38 1.105996
5 39 1.113734
5 40 1.121796
5 41 1.130137
5 42 1.139081
5 43 1.148548
5 44 1.158833
5 45 1.169825
5 46 1.181796
5 47 1.194610
5 48 1.208519
5 49 1.223365
5 50 1.239383
6 1 0.039679
6 2 0.079351
6 3 0.119020
6 4 0.158664
6 5 0.198295
6 6 0.237869
6 7 0.277401
6 8 0.316825
6 9 0.356151
6 10 0.395283
6 11 0.434226
6 12 0.472850
6 13 0.511146
6 14 0.548947
6 15 0.586229
6 16 0.622788
6 17 0.658585
6 18 0.693381
6 19 0.727131
6 20 0.759576
6 21 0.790680
6 22 0.820185
6 23 0.848090
6 24 0.874165
6 25 0.898473
6 26 0.920841
6 27 0.941415
6 28 0.960093
6 29 0.977111
6 30 0.992433
6 31 1.006368
6 32 1.018926
6 33 1.030464
6 34 1.041008
6 35 1.050933
6 36 1.060257
6 37 1.069351
6 38 1.078209
6 39 1.087184
6 40 1.096240
6 41 1.105706
6 42 1.115514
6 43 1.125969
6 44 1.136973
6 45 1.148811
6 46 1.161360
6 47 1.174885
6 48 1.189243
6 49 1.204684
6 50 1.221049
7 1 0.038328
7 2 0.076650
7 3 0.114947
7 4 0.153222
7 5 0.191440
7 6 0.229608
7 7 0.267669
7 8 0.305635
7 9 0.343421
7 10 0.381036
7 11 0.418368
7 12 0.455418
7 13 0.492042
7 14 0.528233
7 15 0.563813
7 16 0.598765
7 17 0.632882
7 18 0.666141
7 19 0.698314
7 20 0.729384
7 21 0.759114
7 22 0.787510
7 23 0.814351
7 24 0.839685
7 25 0.863326
7 26 0.885388
7 27 0.905734
7 28 0.924553
7 29 0.941764
7 30 0.957625
7 31 0.972101
7 32 0.985502
7 33 0.997822
7 34 1.009400
7 35 1.020234
7 36 1.030675
7 37 1.040709
7 38 1.050681
7 39 1.060555
7 40 1.070660
7 41 1.080935
7 42 1.091692
7 43 1.102841
7 44 1.114676
7 45 1.127085
7 46 1.140345
7 47 1.154325
7 48 1.169285
7 49 1.185079
7 50 1.201953
8 1 0.036996
8 2 0.073975
8 3 0.110933
8 4 0.147839
8 5 0.184696
8 6 0.221453
8 7 0.258120
8 8 0.294623
8 9 0.330973
8 10 0.367072
8 11 0.402926
8 12 0.438412
8 13 0.473530
8 14 0.508129
8 15 0.542204
8 16 0.575576
8 17 0.608238
8 18 0.639987
8 19 0.670823
8 20 0.700530
8 21 0.729124
8 22 0.756392
8 23 0.782380
8 24 0.806898
8 25 0.830040
8 26 0.851650
8 27 0.871880
8 28 0.890620
8 29 0.908085
8 30 0.924202
8 31 0.939241
8 32 0.953161
8 33 0.966268
8 34 0.978535
8 35 0.990289
8 36 1.001501
8 37 1.012503
8 38 1.023253
8 39 1.034076
8 40 1.044912
8 41 1.056073
8 42 1.067477
8 43 1.079422
8 44 1.091804
8 45 1.104908
8 46 1.118612
8 47 1.133185
8 48 1.148492
8 49 1.164790
8 50 1.181933
9 1 0.035680
9 2 0.071346
9 3 0.106972
9 4 0.142554
9 5 0.178051
9 6 0.213464
9 7 0.248733
9 8 0.283865
9 9 0.318776
9 10 0.353475
9 11 0.387853
9 12 0.421919
9 13 0.455538
9 14 0.488718
9 15 0.521300
9 16 0.553289
9 17 0.584506
9 18 0.614961
9 19 0.644460
9 20 0.673026
9 21 0.700459
9 22 0.726807
9 23 0.751880
9 24 0.775762
9 25 0.798286
9 26 0.819582
9 27 0.839518
9 28 0.858274
9 29 0.875752
9 30 0.892184
9 31 0.907501
9 32 0.921974
9 33 0.935554
9 34 0.948540
9 35 0.960886
9 36 0.972905
9 37 0.984548
9 38 0.996129
9 39 1.007584
9 40 1.019224
9 41 1.030967
9 42 1.043113
9 43 1.055565
9 44 1.068609
9 45 1.082131
9 46 1.096407
9 47 1.111310
9 48 1.127105
9 49 1.143655
9 50 1.161215
10 1 0.034389
10 2 0.068757
10 3 0.103091
10 4 0.137356
10 5 0.171551
10 6 0.205620
10 7 0.239571
10 8 0.273329
10 9 0.306903
10 10 0.340199
10 11 0.373228
10 12 0.405872
10 13 0.438144
10 14 0.469905
10 15 0.501168
10 16 0.531774
10 17 0.561740
10 18 0.590891
10 19 0.619256
10 20 0.646652
10 21 0.673126
10 22 0.698496
10 23 0.722837
10 24 0.745982
10 25 0.768044
10 26 0.788876
10 27 0.808636
10 28 0.827205
10 29 0.844784
10 30 0.861281
10 31 0.876938
10 32 0.891682
10 33 0.905784
10 34 0.919183
10 35 0.932171
10 36 0.944686
10 37 0.957028
10 38 0.969130
10 39 0.981291
10 40 0.993432
10 41 1.005848
10 42 1.018445
10 43 1.031510
10 44 1.044934
10 45 1.058997
10 46 1.073576
10 47 1.088941
10 48 1.104963
10 49 1.121904
10 50 1.139628
11 1 0.033122
11 2 0.066225
11 3 0.099280
11 4 0.132279
11 5 0.165175
11 6 0.197971
11 7 0.230601
11 8 0.263075
11 9 0.295308
11 10 0.327313
11 11 0.358987
11 12 0.390344
11 13 0.421263
11 14 0.451760
11 15 0.481695
11 16 0.511090
11 17 0.539788
11 18 0.567822
11 19 0.595022
11 20 0.621437
11 21 0.646896
11 22 0.671469
11 23 0.694991
11 24 0.717562
11 25 0.739031
11 26 0.759537
11 27 0.778946
11 28 0.797437
11 29 0.814899
11 30 0.831546
11 31 0.847289
11 32 0.862372
11 33 0.876717
11 34 0.890594
11 35 0.903930
11 36 0.917007
11 37 0.929749
11 38 0.942448
11 39 0.955018
11 40 0.967750
11 41 0.980549
11 42 0.993699
11 43 1.007096
11 44 1.021017
11 45 1.035346
11 46 1.050354
11 47 1.065916
11 48 1.082298
11 49 1.099369
11 50 1.117391
12 1 0.031884
12 2 0.063743
12 3 0.095563
12 4 0.127304
12 5 0.158964
12 6 0.190486
12 7 0.221876
12 8 0.253061
12 9 0.284053
12 10 0.314759
12 11 0.345197
12 12 0.375256
12 13 0.404960
12 14 0.434179
12 15 0.462942
12 16 0.491105
12 17 0.518704
12 18 0.545585
12 19 0.571797
12 20 0.597179
12 21 0.621798
12 22 0.645494
12 23 0.668360
12 24 0.690243
12 25 0.711267
12 26 0.731292
12 27 0.750477
12 28 0.768697
12 29 0.786146
12 30 0.802717
12 31 0.818632
12 32 0.833800
12 33 0.848466
12 34 0.862547
12 35 0.876307
12 36 0.889661
12 37 0.902886
12 38 0.915894
12 39 0.928964
12 40 0.942001
12 41 0.955283
12 42 0.968707
12 43 0.982548
12 44 0.996691
12 45 1.011408
12 46 1.026578
12 47 1.042465
12 48 1.058943
12 49 1.076276
12 50 1.094334
13 1 0.030672
13 2 0.061324
13 3 0.091924
13 4 0.122461
13 5 0.152889
13 6 0.183209
13 7 0.213356
13 8 0.243341
13 9 0.273082
13 10 0.302596
13 11 0.331785
13 12 0.360672
13 13 0.389142
13 14 0.417224
13 15 0.444789
13 16 0.471875
13 17 0.498339
13 18 0.524232
13 19 0.549403
13 20 0.573918
13 21 0.597623
13 22 0.620604
13 23 0.642712
13 24 0.664059
13 25 0.684501
13 26 0.704182
13 27 0.722971
13 28 0.741039
13 29 0.758271
13 30 0.774868
13 31 0.790725
13 32 0.806068
13 33 0.820802
13 34 0.835173
13 35 0.849089
13 36 0.862809
13 37 0.876241
13 38 0.889651
13 39 0.902943
13 40 0.916387
13 41 0.929877
13 42 0.943685
13 43 0.957697
13 44 0.972182
13 45 0.987020
13 46 1.002475
13 47 1.018422
13 48 1.035125
13 49 1.052455
13 50 1.070676
14 1 0.029493
14 2 0.058959
14 3 0.088384
14 4 0.117727
14 5 0.146985
14 6 0.176103
14 7 0.205086
14 8 0.233864
14 9 0.262450
14 10 0.290759
14 11 0.318811
14 12 0.346505
14 13 0.373869
14 14 0.400786
14 15 0.427296
14 16 0.453267
14 17 0.478749
14 18 0.503602
14 19 0.527890
14 20 0.551467
14 21 0.574416
14 22 0.596589
14 23 0.618090
14 24 0.638778
14 25 0.658781
14 26 0.677964
14 27 0.696485
14 28 0.714219
14 29 0.731348
14 30 0.747760
14 31 0.763661
14 32 0.778947
14 33 0.793845
14 34 0.808256
14 35 0.822423
14 36 0.836246
14 37 0.849983
14 38 0.863528
14 39 0.877145
14 40 0.890726
14 41 0.904535
14 42 0.918459
14 43 0.932760
14 44 0.947321
14 45 0.962401
14 46 0.977879
14 47 0.994013
14 48 1.010677
14 49 1.028131
14 50 1.046251
15 1 0.028340
15 2 0.056660
15 3 0.084926
15 4 0.113129
15 5 0.141222
15 6 0.169206
15 7 0.197021
15 8 0.224677
15 9 0.252097
15 10 0.279300
15 11 0.306196
15 12 0.332812
15 13 0.359043
15 14 0.384926
15 15 0.410341
15 16 0.435338
15 17 0.459787
15 18 0.483749
15 19 0.507087
15 20 0.529879
15 21 0.551984
15 22 0.573498
15 23 0.594282
15 24 0.614454
15 25 0.633879
15 26 0.652699
15 27 0.670787
15 28 0.688308
15 29 0.705143
15 30 0.721483
15 31 0.737214
15 32 0.752548
15 33 0.767377
15 34 0.781930
15 35 0.796100
15 36 0.810131
15 37 0.823915
15 38 0.837702
15 39 0.851384
15 40 0.865214
15 41 0.879079
15 42 0.893235
15 43 0.907564
15 44 0.922323
15 45 0.937386
15 46 0.953012
15 47 0.969073
15 48 0.985825
15 49 1.003142
15 50 1.021281
16 1 0.027220
16 2 0.054414
16 3 0.081567
16 4 0.108640
16 5 0.135628
16 6 0.162480
16 7 0.189202
16 8 0.215726
16 9 0.242069
16 10 0.268150
16 11 0.293994
16 12 0.319506
16 13 0.344721
16 14 0.369532
16 15 0.393984
16 16 0.417958
16 17 0.441513
16 18 0.464520
16 19 0.487053
16 20 0.508977
16 21 0.530384
16 22 0.551137
16 23 0.571346
16 24 0.590877
16 25 0.609861
16 26 0.628168
16 27 0.645951
16 28 0.663085
16 29 0.679746
16 30 0.695816
16 31 0.711490
16 32 0.726655
16 33 0.741524
16 34 0.755986
16 35 0.770269
16 36 0.784262
16 37 0.798204
16 38 0.811983
16 39 0.825842
16 40 0.839667
16 41 0.853706
16 42 0.867840
16 43 0.882319
16 44 0.897019
16 45 0.912191
16 46 0.927709
16 47 0.943823
16 48 0.960407
16 49 0.977710
16 50 0.995609
17 1 0.026127
17 2 0.052234
17 3 0.078289
17 4 0.104284
17 5 0.130172
17 6 0.155957
17 7 0.181579
17 8 0.207053
17 9 0.232304
17 10 0.257356
17 11 0.282124
17 12 0.306640
17 13 0.330805
17 14 0.354664
17 15 0.378106
17 16 0.401186
17 17 0.423787
17 18 0.445976
17 19 0.467627
17 20 0.488824
17 21 0.509438
17 22 0.529570
17 23 0.549089
17 24 0.568116
17 25 0.586521
17 26 0.604446
17 27 0.621763
17 28 0.638636
17 29 0.654941
17 30 0.670861
17 31 0.686276
17 32 0.701388
17 33 0.716078
17 34 0.730564
17 35 0.744728
17 36 0.758798
17 37 0.772658
17 38 0.786543
17 39 0.800335
17 40 0.814274
17 41 0.828238
17 42 0.842472
17 43 0.856851
17 44 0.871620
17 45 0.886650
17 46 0.902188
17 47 0.918104
17 48 0.934644
17 49 0.951681
17 50 0.969461
18 1 0.025066
18 2 0.050107
18 3 0.075109
18 4 0.100034
18 5 0.124880
18 6 0.149596
18 7 0.174191
18 8 0.198601
18 9 0.222846
18 10 0.246848
18 11 0.270637
18 12 0.294124
18 13 0.317349
18 14 0.340212
18 15 0.362764
18 16 0.384895
18 17 0.406669
18 18 0.427969
18 19 0.448872
18 20 0.469255
18 21 0.489212
18 22 0.508617
18 23 0.527581
18 24 0.545977
18 25 0.563936
18 26 0.581330
18 27 0.598311
18 28 0.614754
18 29 0.630827
18 30 0.646409
18 31 0.661687
18 32 0.676541
18 33 0.691172
18 34 0.705462
18 35 0.719625
18 36 0.733544
18 37 0.747441
18 38 0.761197
18 39 0.775042
18 40 0.788854
18 41 0.802868
18 42 0.816960
18 43 0.831365
18 44 0.845958
18 45 0.860974
18 46 0.876287
18 47 0.892133
18 48 0.908385
18 49 0.925280
18 50 0.942693
19 1 0.024030
19 2 0.048042
19 3 0.072005
19 4 0.095911
19 5 0.119717
19 6 0.143428
19 7 0.166988
19 8 0.190411
19 9 0.213631
19 10 0.236671
19 11 0.259453
19 12 0.282011
19 13 0.304256
19 14 0.326234
19 15 0.347843
19 16 0.369145
19 17 0.390027
19 18 0.410563
19 19 0.430637
19 20 0.450336
19 21 0.469538
19 22 0.488348
19 23 0.506641
19 24 0.524538
19 25 0.541914
19 26 0.558909
19 27 0.575397
19 28 0.591537
19 29 0.607204
19 30 0.622573
19 31 0.637522
19 32 0.652239
19 33 0.666605
19 34 0.680821
19 35 0.694767
19 36 0.708655
19 37 0.722364
19 38 0.736114
19 39 0.749781
19 40 0.763592
19 41 0.777421
19 42 0.791497
19 43 0.805693
19 44 0.820238
19 45 0.835003
19 46 0.850220
19 47 0.865757
19 48 0.881848
19 49 0.898361
19 50 0.915529
20 1 0.023025
20 2 0.046027
20 3 0.068993
20 4 0.091887
20 5 0.114709
20 6 0.137411
20 7 0.160003
20 8 0.182426
20 9 0.204700
20 10 0.226753
20 11 0.248619
20 12 0.270213
20 13 0.291579
20 14 0.312624
20 15 0.333403
20 16 0.353813
20 17 0.373923
20 18 0.393621
20 19 0.412990
20 20 0.431914
20 21 0.450489
20 22 0.468596
20 23 0.486346
20 24 0.503619
20 25 0.520542
20 26 0.536993
20 27 0.553117
20 28 0.568792
20 29 0.584179
20 30 0.599156
20 31 0.613900
20 32 0.628289
20 33 0.642513
20 34 0.656451
20 35 0.670302
20 36 0.683946
20 37 0.697590
20 38 0.711113
20 39 0.724728
20 40 0.738312
20 41 0.752084
20 42 0.765915
20 43 0.780030
20 44 0.794297
20 45 0.808942
20 46 0.823831
20 47 0.839190
20 48 0.854887
20 49 0.871146
20 50 0.887836
21 1 0.022044
21 2 0.044071
21 3 0.066052
21 4 0.087983
21 5 0.109821
21 6 0.131574
21 7 0.153188
21 8 0.174681
21 9 0.195989
21 10 0.217139
21 11 0.238056
21 12 0.258780
21 13 0.279224
21 14 0.299440
21 15 0.319332
21 16 0.338963
21 17 0.358229
21 18 0.377208
21 19 0.395788
21 20 0.414060
21 21 0.431908
21 22 0.449438
21 23 0.466530
21 24 0.483305
21 25 0.499641
21 26 0.515675
21 27 0.531285
21 28 0.546621
21 29 0.561562
21 30 0.576273
21 31 0.590633
21 32 0.604818
21 33 0.618708
21 34 0.632491
21 35 0.646045
21 36 0.659569
21 37 0.672939
21 38 0.686360
21 39 0.699707
21 40 0.713192
21 41 0.726686
21 42 0.740403
21 43 0.754214
21 44 0.768335
21 45 0.782635
21 46 0.797329
21 47 0.812285
21 48 0.827719
21 49 0.843499
21 50 0.859839
22 1 0.021091
22 2 0.042161
22 3 0.063198
22 4 0.084170
22 5 0.105077
22 6 0.125875
22 7 0.146575
22 8 0.167122
22 9 0.187539
22 10 0.207757
22 11 0.227812
22 12 0.247626
22 13 0.267244
22 14 0.286579
22 15 0.305688
22 16 0.324476
22 17 0.343012
22 18 0.361193
22 19 0.379101
22 20 0.396629
22 21 0.413872
22 22 0.430717
22 23 0.447274
22 24 0.463428
22 25 0.479303
22 26 0.494781
22 27 0.510002
22 28 0.524846
22 29 0.539466
22 30 0.553742
22 31 0.567841
22 32 0.581642
22 33 0.595322
22 34 0.608759
22 35 0.622142
22 36 0.635346
22 37 0.648567
22 38 0.661681
22 39 0.674889
22 40 0.688062
22 41 0.701408
22 42 0.714797
22 43 0.728436
22 44 0.742195
22 45 0.756282
22 46 0.770564
22 47 0.785250
22 48 0.800206
22 49 0.815638
22 50 0.831413
23 1 0.020160
23 2 0.040305
23 3 0.060409
23 4 0.080467
23 5 0.100442
23 6 0.120341
23 7 0.140116
23 8 0.159784
23 9 0.179286
23 10 0.198651
23 11 0.217809
23 12 0.236800
23 13 0.255546
23 14 0.274097
23 15 0.292366
23 16 0.310415
23 17 0.328148
23 18 0.345643
23 19 0.362795
23 20 0.379695
23 21 0.396233
23 22 0.412513
23 23 0.428422
23 24 0.444077
23 25 0.459362
23 26 0.474407
23 27 0.489095
23 28 0.503570
23 29 0.517713
23 30 0.531679
23 31 0.545348
23 32 0.558889
23 33 0.572179
23 34 0.585396
23 35 0.598417
23 36 0.611428
23 37 0.624304
23 38 0.637238
23 39 0.650103
23 40 0.663096
23 41 0.676088
23 42 0.689279
23 43 0.702539
23 44 0.716068
23 45 0.729734
23 46 0.743738
23 47 0.757946
23 48 0.772556
23 49 0.787435
23 50 0.802778
24 1 0.019255
24 2 0.038491
24 3 0.057698
24 4 0.076847
24 5 0.095938
24 6 0.114932
24 7 0.133840
24 8 0.152611
24 9 0.171268
24 10 0.189751
24 11 0.208092
24 12 0.226221
24 13 0.244183
24 14 0.261898
24 15 0.279423
24 16 0.296669
24 17 0.313705
24 18 0.330435
24 19 0.346941
24 20 0.363121
24 21 0.379070
24 22 0.394679
24 23 0.410058
24 24 0.425094
24 25 0.439909
24 26 0.454389
24 27 0.468667
24 28 0.482627
24 29 0.496414
24 30 0.509911
24 31 0.523275
24 32 0.536385
24 33 0.549410
24 34 0.562227
24 35 0.575013
24 36 0.587644
24 37 0.600302
24 38 0.612864
24 39 0.625515
24 40 0.638130
24 41 0.650899
24 42 0.663693
24 43 0.676706
24 44 0.689805
24 45 0.703183
24 46 0.716709
24 47 0.730572
24 48 0.744639
24 49 0.759099
24 50 0.773814
25 1 0.018370
25 2 0.036727
25 3 0.055047
25 4 0.073327
25 5 0.091532
25 6 0.109672
25 7 0.127701
25 8 0.145637
25 9 0.163427
25 10 0.181098
25 11 0.198588
25 12 0.215936
25 13 0.233068
25 14 0.250037
25 15 0.266759
25 16 0.283299
25 17 0.299566
25 18 0.315636
25 19 0.331413
25 20 0.346983
25 21 0.362244
25 22 0.377297
25 23 0.392035
25 24 0.406570
25 25 0.420792
25 26 0.434825
25 27 0.448556
25 28 0.462121
25 29 0.475405
25 30 0.488555
25 31 0.501454
25 32 0.514257
25 33 0.526848
25 34 0.539390
25 35 0.551763
25 36 0.564140
25 37 0.576397
25 38 0.588714
25 39 0.600964
25 40 0.613330
25 41 0.625685
25 42 0.638213
25 43 0.650786
25 44 0.663587
25 45 0.676486
25 46 0.689667
25 47 0.702996
25 48 0.716655
25 49 0.730507
25 50 0.744732
26 1 0.017509
26 2 0.035000
26 3 0.052467
26 4 0.069881
26 5 0.087246
26 6 0.104524
26 7 0.121728
26 8 0.138811
26 9 0.155797
26 10 0.172628
26 11 0.189340
26 12 0.205866
26 13 0.222251
26 14 0.238421
26 15 0.254432
26 16 0.270201
26 17 0.285798
26 18 0.301131
26 19 0.316281
26 20 0.331152
26 21 0.345835
26 22 0.360230
26 23 0.374439
26 24 0.388358
26 25 0.402102
26 26 0.415561
26 27 0.428863
26 28 0.441896
26 29 0.454796
26 30 0.467450
26 31 0.480004
26 32 0.492343
26 33 0.504621
26 34 0.516722
26 35 0.528806
26 36 0.540755
26 37 0.552737
26 38 0.564630
26 39 0.576606
26 40 0.588541
26 41 0.600612
26 42 0.612690
26 43 0.624954
26 44 0.637273
26 45 0.649825
26 46 0.662478
26 47 0.675408
26 48 0.688478
26 49 0.701861
26 50 0.715418
27 1 0.016665
27 2 0.033319
27 3 0.049939
27 4 0.066526
27 5 0.083046
27 6 0.099510
27 7 0.115876
27 8 0.132164
27 9 0.148322
27 10 0.164380
27 11 0.180278
27 12 0.196057
27 13 0.211649
27 14 0.227104
27 15 0.242346
27 16 0.257436
27 17 0.272292
27 18 0.286985
27 19 0.301428
27 20 0.315702
27 21 0.329713
27 22 0.343557
27 23 0.357133
27 24 0.370546
27 25 0.383695
27 26 0.396695
27 27 0.409439
27 28 0.422055
27 29 0.434432
27 30 0.446708
27 31 0.458770
27 32 0.470763
27 33 0.482573
27 34 0.494353
27 35 0.505985
27 36 0.517630
27 37 0.529167
27 38 0.540761
27 39 0.552290
27 40 0.563921
27 41 0.575531
27 42 0.587288
27 43 0.599066
27 44 0.611035
27 45 0.623064
27 46 0.635323
27 47 0.647679
27 48 0.660296
27 49 0.673039
27 50 0.686069
28 1 0.015843
28 2 0.031670
28 3 0.047476
28 4 0.063236
28 5 0.078954
28 6 0.094595
28 7 0.110173
28 8 0.125646
28 9 0.141035
28 10 0.156290
28 11 0.171444
28 12 0.186437
28 13 0.201311
28 14 0.215999
28 15 0.230556
28 16 0.244905
28 17 0.259111
28 18 0.273091
28 19 0.286922
28 20 0.300515
28 21 0.313956
28 22 0.327151
28 23 0.340199
28 24 0.353000
28 25 0.365662
28 26 0.378084
28 27 0.390382
28 28 0.402452
28 29 0.414421
28 30 0.426180
28 31 0.437866
28 32 0.449367
28 33 0.460826
28 34 0.472132
28 35 0.483432
28 36 0.494612
28 37 0.505827
28 38 0.516957
28 39 0.528163
28 40 0.539323
28 41 0.550599
28 42 0.561866
28 43 0.573288
28 44 0.584737
28 45 0.596375
28 46 0.608072
28 47 0.619988
28 48 0.631989
28 49 0.644231
28 50 0.656575
29 1 0.015036
29 2 0.030062
29 3 0.045059
29 4 0.060027
29 5 0.074938
29 6 0.089800
29 7 0.104577
29 8 0.119287
29 9 0.133884
29 10 0.148398
29 11 0.162772
29 12 0.177047
29 13 0.191160
29 14 0.205159
29 15 0.218975
29 16 0.232665
29 17 0.246155
29 18 0.259512
29 19 0.272655
29 20 0.285661
29 21 0.298444
29 22 0.311091
29 23 0.323512
29 24 0.335803
29 25 0.347870
29 26 0.359820
29 27 0.371554
29 28 0.383188
29 29 0.394619
29 30 0.405974
29 31 0.417146
29 32 0.428270
29 33 0.439234
29 34 0.450182
29 35 0.461000
29 36 0.471834
29 37 0.482570
29 38 0.493359
29 39 0.504083
29 40 0.514895
29 41 0.525675
29 42 0.536579
29 43 0.547482
29 44 0.558540
29 45 0.569626
29 46 0.580894
29 47 0.592213
29 48 0.603733
29 49 0.615320
29 50 0.627118
30 1 0.014248
30 2 0.028483
30 3 0.042700
30 4 0.056876
30 5 0.071017
30 6 0.085091
30 7 0.099113
30 8 0.113041
30 9 0.126901
30 10 0.140643
30 11 0.154302
30 12 0.167820
30 13 0.181241
30 14 0.194502
30 15 0.207654
30 16 0.220627
30 17 0.233484
30 18 0.246149
30 19 0.258692
30 20 0.271031
30 21 0.283249
30 22 0.295259
30 23 0.307150
30 24 0.318832
30 25 0.330405
30 26 0.341774
30 27 0.353047
30 28 0.364126
30 29 0.375128
30 30 0.385951
30 31 0.396721
30 32 0.407331
30 33 0.417914
30 34 0.428362
30 35 0.438812
30 36 0.449154
30 37 0.459530
30 38 0.469826
30 39 0.480188
30 40 0.490499
30 41 0.500907
30 42 0.511292
30 43 0.521803
30 44 0.532316
30 45 0.542978
30 46 0.553664
30 47 0.564518
30 48 0.575409
30 49 0.586478
30 50 0.597589
31 1 0.013474
31 2 0.026940
31 3 0.040381
31 4 0.053797
31 5 0.067164
31 6 0.080489
31 7 0.093741
31 8 0.106936
31 9 0.120035
31 10 0.133063
31 11 0.145971
31 12 0.158797
31 13 0.171483
31 14 0.184076
31 15 0.196512
31 16 0.208845
31 17 0.221007
31 18 0.233061
31 19 0.244932
31 20 0.256693
31 21 0.268264
31 22 0.279728
31 23 0.290998
31 24 0.302167
31 25 0.313145
31 26 0.324032
31 27 0.334735
31 28 0.345362
31 29 0.355817
31 30 0.366214
31 31 0.376454
31 32 0.386660
31 33 0.396729
31 34 0.406789
31 35 0.416734
31 36 0.426697
31 37 0.436570
31 38 0.446490
31 39 0.456344
31 40 0.466273
31 41 0.476161
31 42 0.486150
31 43 0.496120
31 44 0.506213
31 45 0.516307
31 46 0.526539
31 47 0.536786
31 48 0.547180
31 49 0.557593
31 50 0.568154
32 1 0.012717
32 2 0.025423
32 3 0.038113
32 4 0.050768
32 5 0.063394
32 6 0.075962
32 7 0.088486
32 8 0.100929
32 9 0.113316
32 10 0.125602
32 11 0.137818
32 12 0.149914
32 13 0.161930
32 14 0.173808
32 15 0.185598
32 16 0.197235
32 17 0.208778
32 18 0.220156
32 19 0.231437
32 20 0.242545
32 21 0.253556
32 22 0.264390
32 23 0.275131
32 24 0.285694
32 25 0.296171
32 26 0.306475
32 27 0.316706
32 28 0.326772
32 29 0.336779
32 30 0.346634
32 31 0.356449
32 32 0.366127
32 33 0.375788
32 34 0.385330
32 35 0.394879
32 36 0.404330
32 37 0.413812
32 38 0.423218
32 39 0.432680
32 40 0.442088
32 41 0.451574
32 42 0.461026
32 43 0.470576
32 44 0.480110
32 45 0.489758
32 46 0.499400
32 47 0.509166
32 48 0.518932
32 49 0.528822
32 50 0.538706
33 1 0.011972
33 2 0.023937
33 3 0.035880
33 4 0.047803
33 5 0.059682
33 6 0.071528
33 7 0.083310
33 8 0.095046
33 9 0.106698
33 10 0.118293
33 11 0.129785
33 12 0.141209
33 13 0.152514
33 14 0.163742
33 15 0.174836
33 16 0.185848
33 17 0.196713
33 18 0.207492
33 19 0.218115
33 20 0.228651
33 21 0.239026
33 22 0.249315
33 23 0.259441
33 24 0.269487
33 25 0.279371
33 26 0.289185
33 27 0.298843
33 28 0.308442
33 29 0.317895
33 30 0.327306
33 31 0.336581
33 32 0.345833
33 33 0.354966
33 34 0.364095
33 35 0.373123
33 36 0.382168
33 37 0.391130
33 38 0.400133
33 39 0.409070
33 40 0.418069
33 41 0.427020
33 42 0.436051
33 43 0.445050
33 44 0.454142
33 45 0.463214
33 46 0.472389
33 47 0.481548
33 48 0.490810
33 49 0.500055
33 50 0.509394
34 1 0.011241
34 2 0.022472
34 3 0.033691
34 4 0.044880
34 5 0.056044
34 6 0.067159
34 7 0.078237
34 8 0.089247
34 9 0.100210
34 10 0.111086
34 11 0.121906
34 12 0.132623
34 13 0.143275
34 14 0.153810
34 15 0.164273
34 16 0.174607
34 17 0.184865
34 18 0.194984
34 19 0.205024
34 20 0.214919
34 21 0.224736
34 22 0.234404
34 23 0.243998
34 24 0.253442
34 25 0.262820
34 26 0.272051
34 27 0.281226
34 28 0.290261
34 29 0.299252
34 30 0.308112
34 31 0.316945
34 32 0.325659
34 33 0.334363
34 34 0.342962
34 35 0.351570
34 36 0.360090
34 37 0.368637
34 38 0.377112
34 39 0.385633
34 40 0.394097
34 41 0.402624
34 42 0.411108
34 43 0.419668
34 44 0.428195
34 45 0.436808
34 46 0.445393
34 47 0.454064
34 48 0.462707
34 49 0.471431
34 50 0.480115
35 1 0.010521
35 2 0.021036
35 3 0.031533
35 4 0.042012
35 5 0.052455
35 6 0.062871
35 7 0.073232
35 8 0.083555
35 9 0.093807
35 10 0.104012
35 11 0.114130
35 12 0.124192
35 13 0.134154
35 14 0.144054
35 15 0.153840
35 16 0.163560
35 17 0.173156
35 18 0.182683
35 19 0.192079
35 20 0.201406
35 21 0.210596
35 22 0.219720
35 23 0.228705
35 24 0.237629
35 25 0.246417
35 26 0.255150
35 27 0.263751
35 28 0.272308
35 29 0.280740
35 30 0.289141
35 31 0.297427
35 32 0.305697
35 33 0.313864
35 34 0.322030
35 35 0.330106
35 36 0.338199
35 37 0.346215
35 38 0.354265
35 39 0.362251
35 40 0.370286
35 41 0.378270
35 42 0.386315
35 43 0.394319
35 44 0.402391
35 45 0.410428
35 46 0.418538
35 47 0.426610
35 48 0.434751
35 49 0.442847
35 50 0.450998
36 1 0.009813
36 2 0.019618
36 3 0.029413
36 4 0.039182
36 5 0.048931
36 6 0.058638
36 7 0.068315
36 8 0.077935
36 9 0.087516
36 10 0.097024
36 11 0.106487
36 12 0.115863
36 13 0.125186
36 14 0.134411
36 15 0.143578
36 16 0.152636
36 17 0.161633
36 18 0.170514
36 19 0.179333
36 20 0.188029
36 21 0.196664
36 22 0.205174
36 23 0.213627
36 24 0.221953
36 25 0.230229
36 26 0.238381
36 27 0.246490
36 28 0.254480
36 29 0.262439
36 30 0.270286
36 31 0.278114
36 32 0.285839
36 33 0.293559
36 34 0.301188
36 35 0.308826
36 36 0.316385
36 37 0.323966
36 38 0.331481
36 39 0.339032
36 40 0.346526
36 41 0.354069
36 42 0.361564
36 43 0.369115
36 44 0.376624
36 45 0.384193
36 46 0.391719
36 47 0.399304
36 48 0.406840
36 49 0.414423
36 50 0.421944
37 1 0.009114
37 2 0.018224
37 3 0.027318
37 4 0.036398
37 5 0.045448
37 6 0.054475
37 7 0.063456
37 8 0.072407
37 9 0.081298
37 10 0.090151
37 11 0.098930
37 12 0.107666
37 13 0.116317
37 14 0.124918
37 15 0.133424
37 16 0.141878
37 17 0.150228
37 18 0.158523
37 19 0.166709
37 20 0.174840
37 21 0.182858
37 22 0.190823
37 23 0.198674
37 24 0.206476
37 25 0.214164
37 26 0.221812
37 27 0.229347
37 28 0.236851
37 29 0.244249
37 30 0.251624
37 31 0.258902
37 32 0.266168
37 33 0.273346
37 34 0.280525
37 35 0.287625
37 36 0.294740
37 37 0.301785
37 38 0.308857
37 39 0.315869
37 40 0.322918
37 41 0.329916
37 42 0.336958
37 43 0.343954
37 44 0.351000
37 45 0.357999
37 46 0.365047
37 47 0.372046
37 48 0.379085
37 49 0.386063
37 50 0.393065
38 1 0.008426
38 2 0.016846
38 3 0.025256
38 4 0.033646
38 5 0.042020
38 6 0.050358
38 7 0.058673
38 8 0.066939
38 9 0.075175
38 10 0.083350
38 11 0.091488
38 12 0.099554
38 13 0.107578
38 14 0.115520
38 15 0.123417
38 16 0.131223
38 17 0.138981
38 18 0.146642
38 19 0.154254
38 20 0.161765
38 21 0.169229
38 22 0.176588
38 23 0.183903
38 24 0.191114
38 25 0.198285
38 26 0.205354
38 27 0.212390
38 28 0.219327
38 29 0.226241
38 30 0.233061
38 31 0.239867
38 32 0.246587
38 33 0.253303
38 34 0.259941
38 35 0.266588
38 36 0.273164
38 37 0.279759
38 38 0.286293
38 39 0.292855
38 40 0.299363
38 41 0.305906
38 42 0.312400
38 43 0.318935
38 44 0.325421
38 45 0.331949
38 46 0.338426
38 47 0.344938
38 48 0.351391
38 49 0.357868
38 50 0.364268
39 1 0.007745
39 2 0.015487
39 3 0.023216
39 4 0.030934
39 5 0.038627
39 6 0.046301
39 7 0.053938
39 8 0.061550
39 9 0.069112
39 10 0.076645
39 11 0.084117
39 12 0.091554
39 13 0.098921
39 14 0.106250
39 15 0.113499
39 16 0.120708
39 17 0.127831
39 18 0.134912
39 19 0.141902
39 20 0.148850
39 21 0.155704
39 22 0.162518
39 23 0.169238
39 24 0.175920
39 25 0.182509
39 26 0.189066
39 27 0.195532
39 28 0.201973
39 29 0.208326
39 30 0.214664
39 31 0.220919
39 32 0.227167
39 33 0.233339
39 34 0.239514
39 35 0.245620
39 36 0.251739
39 37 0.257796
39 38 0.263873
39 39 0.269896
39 40 0.275946
39 41 0.281946
39 42 0.287979
39 43 0.293963
39 44 0.299981
39 45 0.305949
39 46 0.311948
39 47 0.317890
39 48 0.323854
39 49 0.329748
39 50 0.335647
40 1 0.007074
40 2 0.014142
40 3 0.021204
40 4 0.028248
40 5 0.035279
40 6 0.042282
40 7 0.049266
40 8 0.056210
40 9 0.063130
40 10 0.070000
40 11 0.076842
40 12 0.083625
40 13 0.090374
40 14 0.097057
40 15 0.103705
40 16 0.110278
40 17 0.116814
40 18 0.123271
40 19 0.129691
40 20 0.136028
40 21 0.142328
40 22 0.148544
40 23 0.154725
40 24 0.160822
40 25 0.166888
40 26 0.172871
40 27 0.178829
40 28 0.184707
40 29 0.190566
40 30 0.196349
40 31 0.202122
40 32 0.207823
40 33 0.213522
40 34 0.219155
40 35 0.224795
40 36 0.230375
40 37 0.235970
40 38 0.241509
40 39 0.247070
40 40 0.252581
40 41 0.258118
40 42 0.263606
40 43 0.269123
40 44 0.274591
40 45 0.280085
40 46 0.285527
40 47 0.290987
40 48 0.296385
40 49 0.301789
40 50 0.307115
41 1 0.006408
41 2 0.012814
41 3 0.019208
41 4 0.025595
41 5 0.031960
41 6 0.038312
41 7 0.044633
41 8 0.050935
41 9 0.057197
41 10 0.063436
41 11 0.069626
41 12 0.075788
41 13 0.081894
41 14 0.087971
41 15 0.093983
41 16 0.099964
41 17 0.105877
41 18 0.111756
41 19 0.117563
41 20 0.123338
41 21 0.129037
41 22 0.134706
41 23 0.140299
41 24 0.145864
41 25 0.151352
41 26 0.156818
41 27 0.162209
41 28 0.167582
41 29 0.172884
41 30 0.178175
41 31 0.183397
41 32 0.188616
41 33 0.193772
41 34 0.198930
41 35 0.204031
41 36 0.209141
41 37 0.214198
41 38 0.219271
41 39 0.224295
41 40 0.229339
41 41 0.234337
41 42 0.239358
41 43 0.244332
41 44 0.249328
41 45 0.254275
41 46 0.259239
41 47 0.264147
41 48 0.269063
41 49 0.273910
41 50 0.278749
42 1 0.005750
42 2 0.011496
42 3 0.017236
42 4 0.022963
42 5 0.028679
42 6 0.034373
42 7 0.040052
42 8 0.045700
42 9 0.051330
42 10 0.056920
42 11 0.062487
42 12 0.068008
42 13 0.073504
42 14 0.078947
42 15 0.084362
42 16 0.089719
42 17 0.095048
42 18 0.100314
42 19 0.105552
42 20 0.110724
42 21 0.115868
42 22 0.120946
42 23 0.125998
42 24 0.130982
42 25 0.135944
42 26 0.140839
42 27 0.145717
42 28 0.150529
42 29 0.155330
42 30 0.160068
42 31 0.164799
42 32 0.169472
42 33 0.174145
42 34 0.178763
42 35 0.183387
42 36 0.187960
42 37 0.192545
42 38 0.197082
42 39 0.201636
42 40 0.206145
42 41 0.210672
42 42 0.215155
42 43 0.219658
42 44 0.224114
42 45 0.228587
42 46 0.233009
42 47 0.237439
42 48 0.241810
42 49 0.246177
42 50 0.250470
43 1 0.005097
43 2 0.010191
43 3 0.015277
43 4 0.020357
43 5 0.025421
43 6 0.030474
43 7 0.035503
43 8 0.040518
43 9 0.045502
43 10 0.050468
43 11 0.055396
43 12 0.060303
43 13 0.065167
43 14 0.070008
43 15 0.074800
43 16 0.079568
43 17 0.084282
43 18 0.088973
43 19 0.093606
43 20 0.098216
43 21 0.102767
43 22 0.107296
43 23 0.111765
43 24 0.116214
43 25 0.120603
43 26 0.124976
43 27 0.129290
43 28 0.133592
43 29 0.137838
43 30 0.142075
43 31 0.146259
43 32 0.150441
43 33 0.154572
43 34 0.158706
43 35 0.162793
43 36 0.166887
43 37 0.170938
43 38 0.175000
43 39 0.179020
43 40 0.183055
43 41 0.187050
43 42 0.191060
43 43 0.195029
43 44 0.199011
43 45 0.202949
43 46 0.206896
43 47 0.210791
43 48 0.214686
43 49 0.218519
43 50 0.222338
44 1 0.004449
44 2 0.008895
44 3 0.013337
44 4 0.017768
44 5 0.022192
44 6 0.026599
44 7 0.030995
44 8 0.035367
44 9 0.039725
44 10 0.044053
44 11 0.048365
44 12 0.052642
44 13 0.056900
44 14 0.061118
44 15 0.065316
44 16 0.069469
44 17 0.073602
44 18 0.077687
44 19 0.081752
44 20 0.085767
44 21 0.089762
44 22 0.093706
44 23 0.097631
44 24 0.101505
44 25 0.105364
44 26 0.109171
44 27 0.112966
44 28 0.116711
44 29 0.120448
44 30 0.124136
44 31 0.127821
44 32 0.131460
44 33 0.135099
44 34 0.138696
44 35 0.142297
44 36 0.145858
44 37 0.149427
44 38 0.152959
44 39 0.156501
44 40 0.160007
44 41 0.163525
44 42 0.167006
44 43 0.170499
44 44 0.173953
44 45 0.177416
44 46 0.180835
44 47 0.184256
44 48 0.187625
44 49 0.190987
44 50 0.194284
45 1 0.003805
45 2 0.007609
45 3 0.011406
45 4 0.015199
45 5 0.018980
45 6 0.022754
45 7 0.026510
45 8 0.030256
45 9 0.033978
45 10 0.037688
45 11 0.041371
45 12 0.045038
45 13 0.048674
45 14 0.052293
45 15 0.055876
45 16 0.059443
45 17 0.062970
45 18 0.066480
45 19 0.069948
45 20 0.073400
45 21 0.076808
45 22 0.080201
45 23 0.083549
45 24 0.086884
45 25 0.090175
45 26 0.093455
45 27 0.096691
45 28 0.099919
45 29 0.103105
45 30 0.106286
45 31 0.109427
45 32 0.112567
45 33 0.115669
45 34 0.118772
45 35 0.121841
45 36 0.124914
45 37 0.127954
45 38 0.131002
45 39 0.134018
45 40 0.137043
45 41 0.140036
45 42 0.143039
45 43 0.146008
45 44 0.148986
45 45 0.151926
45 46 0.154871
45 47 0.157773
45 48 0.160672
45 49 0.163519
45 50 0.166352
46 1 0.003166
46 2 0.006329
46 3 0.009489
46 4 0.012643
46 5 0.015791
46 6 0.018927
46 7 0.022055
46 8 0.025167
46 9 0.028270
46 10 0.031351
46 11 0.034422
46 12 0.037467
46 13 0.040500
46 14 0.043504
46 15 0.046495
46 16 0.049455
46 17 0.052401
46 18 0.055313
46 19 0.058212
46 20 0.061075
46 21 0.063925
46 22 0.066739
46 23 0.069541
46 24 0.072307
46 25 0.075062
46 26 0.077782
46 27 0.080493
46 28 0.083169
46 29 0.085839
46 30 0.088476
46 31 0.091110
46 32 0.093711
46 33 0.096313
46 34 0.098884
46 35 0.101459
46 36 0.104004
46 37 0.106555
46 38 0.109078
46 39 0.111608
46 40 0.114111
46 41 0.116621
46 42 0.119104
46 43 0.121594
46 44 0.124054
46 45 0.126519
46 46 0.128949
46 47 0.131379
46 48 0.133769
46 49 0.136150
46 50 0.138483
47 1 0.002529
47 2 0.005056
47 3 0.007580
47 4 0.010101
47 5 0.012613
47 6 0.015121
47 7 0.017618
47 8 0.020108
47 9 0.022582
47 10 0.025049
47 11 0.027497
47 12 0.029936
47 13 0.032354
47 14 0.034762
47 15 0.037145
47 16 0.039518
47 17 0.041866
47 18 0.044202
47 19 0.046511
47 20 0.048809
47 21 0.051079
47 22 0.053339
47 23 0.055570
47 24 0.057792
47 25 0.059986
47 26 0.062172
47 27 0.064330
47 28 0.066482
47 29 0.068607
47 30 0.070729
47 31 0.072824
47 32 0.074919
47 33 0.076988
47 34 0.079059
47 35 0.081105
47 36 0.083155
47 37 0.085183
47 38 0.087215
47 39 0.089225
47 40 0.091241
47 41 0.093235
47 42 0.095234
47 43 0.097210
47 44 0.099190
47 45 0.101144
47 46 0.103100
47 47 0.105025
47 48 0.106946
47 49 0.108831
47 50 0.110704
48 1 0.001894
48 2 0.003788
48 3 0.005679
48 4 0.007566
48 5 0.009450
48 6 0.011327
48 7 0.013200
48 8 0.015063
48 9 0.016920
48 10 0.018765
48 11 0.020603
48 12 0.022427
48 13 0.024243
48 14 0.026043
48 15 0.027834
48 16 0.029607
48 17 0.031372
48 18 0.033117
48 19 0.034855
48 20 0.036571
48 21 0.038280
48 22 0.039967
48 23 0.041647
48 24 0.043306
48 25 0.044959
48 26 0.046590
48 27 0.048217
48 28 0.049823
48 29 0.051426
48 30 0.053008
48 31 0.054589
48 32 0.056151
48 33 0.057713
48 34 0.059257
48 35 0.060802
48 36 0.062330
48 37 0.063861
48 38 0.065375
48 39 0.066892
48 40 0.068394
48 41 0.069899
48 42 0.071387
48 43 0.072879
48 44 0.074352
48 45 0.075826
48 46 0.077280
48 47 0.078732
48 48 0.080159
48 49 0.081580
48 50 0.082970
49 1 0.001262
49 2 0.002523
49 3 0.003783
49 4 0.005041
49 5 0.006295
49 6 0.007546
49 7 0.008792
49 8 0.010035
49 9 0.011270
49 10 0.012502
49 11 0.013724
49 12 0.014942
49 13 0.016149
49 14 0.017351
49 15 0.018541
49 16 0.019726
49 17 0.020899
49 18 0.022066
49 19 0.023219
49 20 0.024367
49 21 0.025502
49 22 0.026631
49 23 0.027746
49 24 0.028857
49 25 0.029954
49 26 0.031047
49 27 0.032126
49 28 0.033202
49 29 0.034265
49 30 0.035326
49 31 0.036374
49 32 0.037422
49 33 0.038457
49 34 0.039492
49 35 0.040516
49 36 0.041541
49 37 0.042555
49 38 0.043571
49 39 0.044576
49 40 0.045584
49 41 0.046580
49 42 0.047579
49 43 0.048566
49 44 0.049554
49 45 0.050529
49 46 0.051505
49 47 0.052464
49 48 0.053422
49 49 0.054360
49 50 0.055292
50 1 0.000631
50 2 0.001261
50 3 0.001891
50 4 0.002519
50 5 0.003146
50 6 0.003771
50 7 0.004395
50 8 0.005015
50 9 0.005633
50 10 0.006247
50 11 0.006860
50 12 0.007467
50 13 0.008072
50 14 0.008671
50 15 0.009268
50 16 0.009858
50 17 0.010446
50 18 0.011027
50 19 0.011606
50 20 0.012178
50 21 0.012747
50 22 0.013310
50 23 0.013870
50 24 0.014422
50 25 0.014973
50 26 0.015517
50 27 0.016059
50 28 0.016595
50 29 0.017129
50 30 0.017657
50 31 0.018184
50 32 0.018704
50 33 0.019225
50 34 0.019740
50 35 0.020255
50 36 0.020764
50 37 0.021275
50 38 0.021779
50 39 0.022285
50 40 0.022786
50 41 0.023287
50 42 0.023783
50 43 0.024280
50 44 0.024770
50 45 0.025261
50 46 0.025745
50 47 0.026228
50 48 0.026702
50 49 0.027175
50 50 0.027637
