1 1 0.001504
1 2 0.003005
1 3 0.004502
1 4 0.005994
1 5 0.007476
1 6 0.008949
1 7 0.010408
1 8 0.011852
1 9 0.013279
1 10 0.014686
1 11 0.016069
1 12 0.017429
1 13 0.018759
1 14 0.020060
1 15 0.021327
1 16 0.022560
1 17 0.023753
1 18 0.024907
1 19 0.026017
1 20 0.027083
1 21 0.028102
1 22 0.029074
1 23 0.029996
1 24 0.030870
1 25 0.031691
1 26 0.032465
1 27 0.033186
1 28 0.033861
1 29 0.034485
1 30 0.035065
1 31 0.035599
1 32 0.036093
1 33 0.036545
1 34 0.036962
1 35 0.037342
1 36 0.037694
1 37 0.038015
1 38 0.038313
1 39 0.038587
1 40 0.038844
1 41 0.039081
1 42 0.039307
1 43 0.039518
1 44 0.039722
1 45 0.039915
1 46 0.040103
1 47 0.040282
1 48 0.040459
1 49 0.040626
1 50 0.040791
2 1 0.003009
2 2 0.006014
2 3 0.009012
2 4 0.011996
2 5 0.014964
2 6 0.017911
2 7 0.020833
2 8 0.023723
2 9 0.026580
2 10 0.029395
2 11 0.032167
2 12 0.034886
2 13 0.037552
2 14 0.040155
2 15 0.042694
2 16 0.045159
2 17 0.047550
2 18 0.049858
2 19 0.052082
2 20 0.054215
2 21 0.056257
2 22 0.058199
2 23 0.060047
2 24 0.061792
2 25 0.063439
2 26 0.064981
2 27 0.066428
2 28 0.067771
2 29 0.069023
2 30 0.070178
2 31 0.071248
2 32 0.072228
2 33 0.073134
2 34 0.073960
2 35 0.074723
2 36 0.075419
2 37 0.076063
2 38 0.076652
2 39 0.077201
2 40 0.077707
2 41 0.078185
2 42 0.078629
2 43 0.079055
2 44 0.079456
2 45 0.079845
2 46 0.080215
2 47 0.080579
2 48 0.080926
2 49 0.081267
2 50 0.081591
3 1 0.004519
3 2 0.009033
3 3 0.013534
3 4 0.018017
3 5 0.022474
3 6 0.026901
3 7 0.031289
3 8 0.035633
3 9 0.039922
3 10 0.044154
3 11 0.048316
3 12 0.052405
3 13 0.056408
3 14 0.060322
3 15 0.064134
3 16 0.067842
3 17 0.071432
3 18 0.074903
3 19 0.078241
3 20 0.081449
3 21 0.084511
3 22 0.087434
3 23 0.090202
3 24 0.092826
3 25 0.095291
3 26 0.097610
3 27 0.099772
3 28 0.101791
3 29 0.103659
3 30 0.105393
3 31 0.106986
3 32 0.108458
3 33 0.109802
3 34 0.111043
3 35 0.112172
3 36 0.113216
3 37 0.114167
3 38 0.115051
3 39 0.115860
3 40 0.116620
3 41 0.117322
3 42 0.117992
3 43 0.118617
3 44 0.119223
3 45 0.119796
3 46 0.120358
3 47 0.120893
3 48 0.121422
3 49 0.121926
3 50 0.122423
4 1 0.006036
4 2 0.012064
4 3 0.018077
4 4 0.024064
4 5 0.030020
4 6 0.035932
4 7 0.041796
4 8 0.047597
4 9 0.053332
4 10 0.058984
4 11 0.064549
4 12 0.070011
4 13 0.075365
4 14 0.080593
4 15 0.085693
4 16 0.090645
4 17 0.095448
4 18 0.100082
4 19 0.104549
4 20 0.108828
4 21 0.112926
4 22 0.116822
4 23 0.120525
4 24 0.124018
4 25 0.127314
4 26 0.130396
4 27 0.133284
4 28 0.135963
4 29 0.138455
4 30 0.140750
4 31 0.142873
4 32 0.144815
4 33 0.146605
4 34 0.148236
4 35 0.149739
4 36 0.151106
4 37 0.152370
4 38 0.153524
4 39 0.154601
4 40 0.155591
4 41 0.156527
4 42 0.157398
4 43 0.158235
4 44 0.159023
4 45 0.159793
4 46 0.160526
4 47 0.161250
4 48 0.161942
4 49 0.162628
4 50 0.163282
5 1 0.007562
5 2 0.015114
5 3 0.022645
5 4 0.030148
5 5 0.037608
5 6 0.045019
5 7 0.052365
5 8 0.059639
5 9 0.066824
5 10 0.073913
5 11 0.080886
5 12 0.087739
5 13 0.094448
5 14 0.101010
5 15 0.107400
5 16 0.113617
5 17 0.119633
5 18 0.125451
5 19 0.131044
5 20 0.136416
5 21 0.141542
5 22 0.146431
5 23 0.151058
5 24 0.155438
5 25 0.159549
5 26 0.163411
5 27 0.167005
5 28 0.170356
5 29 0.173449
5 30 0.176315
5 31 0.178941
5 32 0.181362
5 33 0.183568
5 34 0.185597
5 35 0.187441
5 36 0.189140
5 37 0.190685
5 38 0.192118
5 39 0.193429
5 40 0.194660
5 41 0.195798
5 42 0.196883
5 43 0.197901
5 44 0.198889
5 45 0.199827
5 46 0.200751
5 47 0.201637
5 48 0.202517
5 49 0.203361
5 50 0.204199
6 1 0.009098
6 2 0.018184
6 3 0.027248
6 4 0.036274
6 5 0.045255
6 6 0.054171
6 7 0.063017
6 8 0.071771
6 9 0.080426
6 10 0.088958
6 11 0.097363
6 12 0.105612
6 13 0.113700
6 14 0.121600
6 15 0.129306
6 16 0.136788
6 17 0.144045
6 18 0.151045
6 19 0.157791
6 20 0.164250
6 21 0.170430
6 22 0.176301
6 23 0.181876
6 24 0.187127
6 25 0.192074
6 26 0.196693
6 27 0.201011
6 28 0.205007
6 29 0.208716
6 30 0.212121
6 31 0.215261
6 32 0.218125
6 33 0.220756
6 34 0.223145
6 35 0.225339
6 36 0.227328
6 37 0.229164
6 38 0.230835
6 39 0.232392
6 40 0.233822
6 41 0.235177
6 42 0.236438
6 43 0.237654
6 44 0.238804
6 45 0.239932
6 46 0.241014
6 47 0.242089
6 48 0.243126
6 49 0.244161
6 50 0.245156
7 1 0.010647
7 2 0.021281
7 3 0.031888
7 4 0.042455
7 5 0.052964
7 6 0.063407
7 7 0.073761
7 8 0.084017
7 9 0.094150
7 10 0.104152
7 11 0.113994
7 12 0.123668
7 13 0.133142
7 14 0.142410
7 15 0.151436
7 16 0.160216
7 17 0.168714
7 18 0.176930
7 19 0.184824
7 20 0.192402
7 21 0.199627
7 22 0.206510
7 23 0.213017
7 24 0.219166
7 25 0.224927
7 26 0.230326
7 27 0.235338
7 28 0.239999
7 29 0.244287
7 30 0.248245
7 31 0.251859
7 32 0.255178
7 33 0.258188
7 34 0.260947
7 35 0.263442
7 36 0.265733
7 37 0.267809
7 38 0.269730
7 39 0.271482
7 40 0.273128
7 41 0.274649
7 42 0.276105
7 43 0.277473
7 44 0.278809
7 45 0.280086
7 46 0.281354
7 47 0.282579
7 48 0.283808
7 49 0.284999
7 50 0.286193
8 1 0.012211
8 2 0.024407
8 3 0.036573
8 4 0.048692
8 5 0.060753
8 6 0.072732
8 7 0.084619
8 8 0.096387
8 9 0.108027
8 10 0.119507
8 11 0.130818
8 12 0.141925
8 13 0.152820
8 14 0.163462
8 15 0.173845
8 16 0.183927
8 17 0.193705
8 18 0.203134
8 19 0.212216
8 20 0.220907
8 21 0.229214
8 22 0.237096
8 23 0.244568
8 24 0.251593
8 25 0.258196
8 26 0.264346
8 27 0.270076
8 28 0.275362
8 29 0.280249
8 30 0.284716
8 31 0.288817
8 32 0.292539
8 33 0.295941
8 34 0.299013
8 35 0.301821
8 36 0.304354
8 37 0.306682
8 38 0.308793
8 39 0.310757
8 40 0.312558
8 41 0.314266
8 42 0.315859
8 43 0.317404
8 44 0.318874
8 45 0.320329
8 46 0.321736
8 47 0.323149
8 48 0.324527
8 49 0.325918
8 50 0.327274
9 1 0.013791
9 2 0.027566
9 3 0.041307
9 4 0.055000
9 5 0.068623
9 6 0.082164
9 7 0.095595
9 8 0.108906
9 9 0.122063
9 10 0.135056
9 11 0.147847
9 12 0.160426
9 13 0.172749
9 14 0.184809
9 15 0.196556
9 16 0.207985
9 17 0.219045
9 18 0.229733
9 19 0.240000
9 20 0.249847
9 21 0.259225
9 22 0.268146
9 23 0.276565
9 24 0.284503
9 25 0.291920
9 26 0.298849
9 27 0.305259
9 28 0.311195
9 29 0.316630
9 30 0.321624
9 31 0.326156
9 32 0.330295
9 33 0.334025
9 34 0.337423
9 35 0.340475
9 36 0.343263
9 37 0.345774
9 38 0.348089
9 39 0.350194
9 40 0.352170
9 41 0.353997
9 42 0.355753
9 43 0.357411
9 44 0.359045
9 45 0.360621
9 46 0.362204
9 47 0.363753
9 48 0.365326
9 49 0.366873
9 50 0.368443
10 1 0.015389
10 2 0.030759
10 3 0.046096
10 4 0.061378
10 5 0.076590
10 6 0.091706
10 7 0.106713
10 8 0.121578
10 9 0.136290
10 10 0.150808
10 11 0.165121
10 12 0.179182
10 13 0.192982
10 14 0.206467
10 15 0.219629
10 16 0.232410
10 17 0.244805
10 18 0.256755
10 19 0.268257
10 20 0.279255
10 21 0.289754
10 22 0.299700
10 23 0.309109
10 24 0.317933
10 25 0.326201
10 26 0.333872
10 27 0.340991
10 28 0.347526
10 29 0.353534
10 30 0.358993
10 31 0.363973
10 32 0.368459
10 33 0.372531
10 34 0.376177
10 35 0.379487
10 36 0.382449
10 37 0.385156
10 38 0.387595
10 39 0.389859
10 40 0.391930
10 41 0.393900
10 42 0.395743
10 43 0.397545
10 44 0.399274
10 45 0.401008
10 46 0.402706
10 47 0.404437
10 48 0.406151
10 49 0.407908
10 50 0.409648
11 1 0.017005
11 2 0.033993
11 3 0.050942
11 4 0.067838
11 5 0.084653
11 6 0.101376
11 7 0.117973
11 8 0.134431
11 9 0.150710
11 10 0.166797
11 11 0.182645
11 12 0.198240
11 13 0.213528
11 14 0.228495
11 15 0.243081
11 16 0.257274
11 17 0.271010
11 18 0.284280
11 19 0.297019
11 20 0.309225
11 21 0.320836
11 22 0.331859
11 23 0.342237
11 24 0.351994
11 25 0.361078
11 26 0.369529
11 27 0.377308
11 28 0.384470
11 29 0.390987
11 30 0.396932
11 31 0.402285
11 32 0.407132
11 33 0.411461
11 34 0.415368
11 35 0.418845
11 36 0.421994
11 37 0.424805
11 38 0.427383
11 39 0.429715
11 40 0.431903
11 41 0.433928
11 42 0.435887
11 43 0.437752
11 44 0.439613
11 45 0.441432
11 46 0.443290
11 47 0.445139
11 48 0.447050
11 49 0.448962
11 50 0.450936
12 1 0.018642
12 2 0.037265
12 3 0.055851
12 4 0.074377
12 5 0.092828
12 6 0.111172
12 7 0.129397
12 8 0.147462
12 9 0.165354
12 10 0.183026
12 11 0.200462
12 12 0.217605
12 13 0.234441
12 14 0.250905
12 15 0.266980
12 16 0.282596
12 17 0.297740
12 18 0.312337
12 19 0.326379
12 20 0.339792
12 21 0.352577
12 22 0.364663
12 23 0.376067
12 24 0.386726
12 25 0.396673
12 26 0.405857
12 27 0.414331
12 28 0.422058
12 29 0.429110
12 30 0.435462
12 31 0.441204
12 32 0.446322
12 33 0.450920
12 34 0.454989
12 35 0.458643
12 36 0.461876
12 37 0.464803
12 38 0.467418
12 39 0.469834
12 40 0.472039
12 41 0.474144
12 42 0.476125
12 43 0.478086
12 44 0.479993
12 45 0.481941
12 46 0.483884
12 47 0.485905
12 48 0.487946
12 49 0.490079
12 50 0.492233
13 1 0.020299
13 2 0.040581
13 3 0.060822
13 4 0.081008
13 5 0.101109
13 6 0.121112
13 7 0.140980
13 8 0.160697
13 9 0.180219
13 10 0.199529
13 11 0.218570
13 12 0.237324
13 13 0.255726
13 14 0.273755
13 15 0.291337
13 16 0.308451
13 17 0.325016
13 18 0.341017
13 19 0.356368
13 20 0.371061
13 21 0.385015
13 22 0.398233
13 23 0.410640
13 24 0.422260
13 25 0.433029
13 26 0.442991
13 27 0.452101
13 28 0.460424
13 29 0.467931
13 30 0.474710
13 31 0.480746
13 32 0.486146
13 33 0.490906
13 34 0.495145
13 35 0.498862
13 36 0.502186
13 37 0.505114
13 38 0.507776
13 39 0.510165
13 40 0.512406
13 41 0.514484
13 42 0.516516
13 43 0.518474
13 44 0.520468
13 45 0.522456
13 46 0.524535
13 47 0.526651
13 48 0.528888
13 49 0.531177
13 50 0.533588
14 1 0.021978
14 2 0.043937
14 3 0.065860
14 4 0.087722
14 5 0.109509
14 6 0.131187
14 7 0.152741
14 8 0.174129
14 9 0.195333
14 10 0.216300
14 11 0.237010
14 12 0.257397
14 13 0.277437
14 14 0.297054
14 15 0.316222
14 16 0.334854
14 17 0.352927
14 18 0.370346
14 19 0.387092
14 20 0.403071
14 21 0.418273
14 22 0.432612
14 23 0.446094
14 24 0.458643
14 25 0.470291
14 26 0.480978
14 27 0.490762
14 28 0.499605
14 29 0.507591
14 30 0.514700
14 31 0.521042
14 32 0.526612
14 33 0.531537
14 34 0.535821
14 35 0.539604
14 36 0.542891
14 37 0.545825
14 38 0.548408
14 39 0.550782
14 40 0.552938
14 41 0.555011
14 42 0.556980
14 43 0.558971
14 44 0.560949
14 45 0.563025
14 46 0.565151
14 47 0.567424
14 48 0.569778
14 49 0.572299
14 50 0.574903
15 1 0.023677
15 2 0.047338
15 3 0.070960
15 4 0.094530
15 5 0.118018
15 6 0.141412
15 7 0.164670
15 8 0.187779
15 9 0.210686
15 10 0.233373
15 11 0.255774
15 12 0.277867
15 13 0.299572
15 14 0.320862
15 15 0.341643
15 16 0.361887
15 17 0.381491
15 18 0.400425
15 19 0.418583
15 20 0.435941
15 21 0.452396
15 22 0.467941
15 23 0.482480
15 24 0.496029
15 25 0.508513
15 26 0.519976
15 27 0.530365
15 28 0.539759
15 29 0.548128
15 30 0.555581
15 31 0.562111
15 32 0.567851
15 33 0.572808
15 34 0.577134
15 35 0.580842
15 36 0.584089
15 37 0.586887
15 38 0.589396
15 39 0.591616
15 40 0.593701
15 41 0.595641
15 42 0.597577
15 43 0.599482
15 44 0.601487
15 45 0.603546
15 46 0.605776
15 47 0.608115
15 48 0.610661
15 49 0.613336
15 50 0.616224
16 1 0.025397
16 2 0.050777
16 3 0.076126
16 4 0.101420
16 5 0.126646
16 6 0.151771
16 7 0.176781
16 8 0.201630
16 9 0.226300
16 10 0.250730
16 11 0.274898
16 12 0.298725
16 13 0.322183
16 14 0.345177
16 15 0.367672
16 16 0.389560
16 17 0.410802
16 18 0.431281
16 19 0.450958
16 20 0.469715
16 21 0.487525
16 22 0.504274
16 23 0.519958
16 24 0.534481
16 25 0.547867
16 26 0.560047
16 27 0.571084
16 28 0.580937
16 29 0.589708
16 30 0.597384
16 31 0.604102
16 32 0.609872
16 33 0.614852
16 34 0.619066
16 35 0.622686
16 36 0.625736
16 37 0.628392
16 38 0.630671
16 39 0.632743
16 40 0.634611
16 41 0.636436
16 42 0.638203
16 43 0.640059
16 44 0.641969
16 45 0.644065
16 46 0.646292
16 47 0.648766
16 48 0.651413
16 49 0.654331
16 50 0.657428
17 1 0.027135
17 2 0.054257
17 3 0.081347
17 4 0.108396
17 5 0.135376
17 6 0.162275
17 7 0.189054
17 8 0.215700
17 9 0.242155
17 10 0.268400
17 11 0.294362
17 12 0.320012
17 13 0.345257
17 14 0.370059
17 15 0.394308
17 16 0.417956
17 17 0.440878
17 18 0.463023
17 19 0.484256
17 20 0.504531
17 21 0.523714
17 22 0.541777
17 23 0.558599
17 24 0.574181
17 25 0.588428
17 26 0.601383
17 27 0.612986
17 28 0.623326
17 29 0.632381
17 30 0.640284
17 31 0.647043
17 32 0.652827
17 33 0.657664
17 34 0.661743
17 35 0.665101
17 36 0.667935
17 37 0.670275
17 38 0.672316
17 39 0.674074
17 40 0.675733
17 41 0.677290
17 42 0.678914
17 43 0.680581
17 44 0.682441
17 45 0.684451
17 46 0.686740
17 47 0.689244
17 48 0.692074
17 49 0.695147
17 50 0.698553
18 1 0.028890
18 2 0.057768
18 3 0.086626
18 4 0.115443
18 5 0.144211
18 6 0.172900
18 7 0.201498
18 8 0.229959
18 9 0.258266
18 10 0.286353
18 11 0.314195
18 12 0.341703
18 13 0.368840
18 14 0.395496
18 15 0.421620
18 16 0.447080
18 17 0.471815
18 18 0.495678
18 19 0.518605
18 20 0.540439
18 21 0.561128
18 22 0.580522
18 23 0.598593
18 24 0.615215
18 25 0.630403
18 26 0.644070
18 27 0.656282
18 28 0.667001
18 29 0.676348
18 30 0.684327
18 31 0.691108
18 32 0.696728
18 33 0.701388
18 34 0.705141
18 35 0.708204
18 36 0.710627
18 37 0.712628
18 38 0.714243
18 39 0.715680
18 40 0.716955
18 41 0.718258
18 42 0.719581
18 43 0.721094
18 44 0.722765
18 45 0.724743
18 46 0.726972
18 47 0.729582
18 48 0.732494
18 49 0.735817
18 50 0.739450
19 1 0.030659
19 2 0.061311
19 3 0.091946
19 4 0.122559
19 5 0.153127
19 6 0.183647
19 7 0.214080
19 8 0.244415
19 9 0.274597
19 10 0.304606
19 11 0.334361
19 12 0.363830
19 13 0.392905
19 14 0.421538
19 15 0.449596
19 16 0.477011
19 17 0.503626
19 18 0.529364
19 19 0.554047
19 20 0.577598
19 21 0.599837
19 22 0.620703
19 23 0.640035
19 24 0.657808
19 25 0.673900
19 26 0.688344
19 27 0.701073
19 28 0.712189
19 29 0.721682
19 30 0.729718
19 31 0.736335
19 32 0.741747
19 33 0.746021
19 34 0.749397
19 35 0.751947
19 36 0.753916
19 37 0.755365
19 38 0.756530
19 39 0.757449
19 40 0.758337
19 41 0.759206
19 42 0.760250
19 43 0.761450
19 44 0.762976
19 45 0.764784
19 46 0.767021
19 47 0.769618
19 48 0.772701
19 49 0.776175
19 50 0.780146
20 1 0.032438
20 2 0.064872
20 3 0.097304
20 4 0.129719
20 5 0.162121
20 6 0.194481
20 7 0.226798
20 8 0.259026
20 9 0.291153
20 10 0.323112
20 11 0.354876
20 12 0.386349
20 13 0.417485
20 14 0.448157
20 15 0.478297
20 16 0.507743
20 17 0.536409
20 18 0.564103
20 19 0.590725
20 20 0.616067
20 21 0.640033
20 22 0.662420
20 23 0.683159
20 24 0.702082
20 25 0.719177
20 26 0.734334
20 27 0.747620
20 28 0.759000
20 29 0.768625
20 30 0.776528
20 31 0.782928
20 32 0.787905
20 33 0.791723
20 34 0.794479
20 35 0.796449
20 36 0.797724
20 37 0.798574
20 38 0.799063
20 39 0.799440
20 40 0.799738
20 41 0.800178
20 42 0.800762
20 43 0.801681
20 44 0.802905
20 45 0.804601
20 46 0.806711
20 47 0.809376
20 48 0.812514
20 49 0.816245
20 50 0.820461
21 1 0.034222
21 2 0.068448
21 3 0.102678
21 4 0.136918
21 5 0.171155
21 6 0.205394
21 7 0.239604
21 8 0.273784
21 9 0.307878
21 10 0.341872
21 11 0.375683
21 12 0.409275
21 13 0.442530
21 14 0.475388
21 15 0.507691
21 16 0.539348
21 17 0.570163
21 18 0.600017
21 19 0.628682
21 20 0.656026
21 21 0.681807
21 22 0.705906
21 23 0.728100
21 24 0.748317
21 25 0.766391
21 26 0.782337
21 27 0.796073
21 28 0.807720
21 29 0.817291
21 30 0.825003
21 31 0.830943
21 32 0.835396
21 33 0.838487
21 34 0.840528
21 35 0.841646
21 36 0.842150
21 37 0.842142
21 38 0.841906
21 39 0.841509
21 40 0.841201
21 41 0.841007
21 42 0.841147
21 43 0.841607
21 44 0.842575
21 45 0.844005
21 46 0.846059
21 47 0.848662
21 48 0.851952
21 49 0.855829
21 50 0.860408
22 1 0.036006
22 2 0.072021
22 3 0.108060
22 4 0.144121
22 5 0.180218
22 6 0.216337
22 7 0.252485
22 8 0.288626
22 9 0.324758
22 10 0.360814
22 11 0.396774
22 12 0.432536
22 13 0.468051
22 14 0.503174
22 15 0.537820
22 16 0.571796
22 17 0.604976
22 18 0.637120
22 19 0.668070
22 20 0.697548
22 21 0.725385
22 22 0.751299
22 23 0.775149
22 24 0.796695
22 25 0.815878
22 26 0.832548
22 27 0.846770
22 28 0.858516
22 29 0.867980
22 30 0.875249
22 31 0.880621
22 32 0.884249
22 33 0.886484
22 34 0.887499
22 35 0.887650
22 36 0.887087
22 37 0.886139
22 38 0.884912
22 39 0.883697
22 40 0.882549
22 41 0.881718
22 42 0.881212
22 43 0.881244
22 44 0.881782
22 45 0.883008
22 46 0.884858
22 47 0.887485
22 48 0.890801
22 49 0.894936
22 50 0.899776
23 1 0.037782
23 2 0.075584
23 3 0.113419
23 4 0.151311
23 5 0.189260
23 6 0.227287
23 7 0.265373
23 8 0.303529
23 9 0.341712
23 10 0.379916
23 11 0.418063
23 12 0.456120
23 13 0.493964
23 14 0.531523
23 15 0.568620
23 16 0.605135
23 17 0.640827
23 18 0.675526
23 19 0.708930
23 20 0.740829
23 21 0.770886
23 22 0.798885
23 23 0.824501
23 24 0.847579
23 25 0.867875
23 26 0.885362
23 27 0.899941
23 28 0.911755
23 29 0.920865
23 30 0.927568
23 31 0.932041
23 32 0.934678
23 33 0.935702
23 34 0.935530
23 35 0.934370
23 36 0.932612
23 37 0.930415
23 38 0.928118
23 39 0.925817
23 40 0.923800
23 41 0.922103
23 42 0.920965
23 43 0.920374
23 44 0.920532
23 45 0.921387
23 46 0.923110
23 47 0.925621
23 48 0.929065
23 49 0.933338
23 50 0.938564
24 1 0.039543
24 2 0.079113
24 3 0.118742
24 4 0.158446
24 5 0.198258
24 6 0.238179
24 7 0.278235
24 8 0.318406
24 9 0.358704
24 10 0.399076
24 11 0.439513
24 12 0.479917
24 13 0.520242
24 14 0.560335
24 15 0.600095
24 16 0.639297
24 17 0.677776
24 18 0.715226
24 19 0.751412
24 20 0.785954
24 21 0.818572
24 22 0.848853
24 23 0.876532
24 24 0.901244
24 25 0.922832
24 26 0.941083
24 27 0.956040
24 28 0.967700
24 29 0.976330
24 30 0.982115
24 31 0.985484
24 32 0.986720
24 33 0.986313
24 34 0.984548
24 35 0.981893
24 36 0.978577
24 37 0.975005
24 38 0.971328
24 39 0.967879
24 40 0.964732
24 41 0.962159
24 42 0.960171
24 43 0.958992
24 44 0.958585
24 45 0.959137
24 46 0.960576
24 47 0.963064
24 48 0.966501
24 49 0.971028
24 50 0.976526
25 1 0.041278
25 2 0.082597
25 3 0.123989
25 4 0.165499
25 5 0.207147
25 6 0.248975
25 7 0.290984
25 8 0.333208
25 9 0.375621
25 10 0.418238
25 11 0.460994
25 12 0.503872
25 13 0.546754
25 14 0.589570
25 15 0.632128
25 16 0.674285
25 17 0.715755
25 18 0.756304
25 19 0.795536
25 20 0.833128
25 21 0.868594
25 22 0.901561
25 23 0.931529
25 24 0.958179
25 25 0.981127
25 26 1.000257
25 27 1.015436
25 28 1.026845
25 29 1.034639
25 30 1.039262
25 31 1.041059
25 32 1.040602
25 33 1.038280
25 34 1.034662
25 35 1.030076
25 36 1.025015
25 37 1.019702
25 38 1.014536
25 39 1.009638
25 40 1.005323
25 41 1.001630
25 42 0.998809
25 43 0.996839
25 44 0.995924
25 45 0.996000
25 46 0.997242
25 47 0.999557
25 48 1.003097
25 49 1.007748
25 50 1.013646
26 1 0.042979
26 2 0.086007
26 3 0.129139
26 4 0.172415
26 5 0.215890
26 6 0.259590
26 7 0.303566
26 8 0.347821
26 9 0.392396
26 10 0.437260
26 11 0.482428
26 12 0.527824
26 13 0.573418
26 14 0.619063
26 15 0.664659
26 16 0.709961
26 17 0.754766
26 18 0.798697
26 19 0.841424
26 20 0.882426
26 21 0.921249
26 22 0.957268
26 23 0.989989
26 24 1.018816
26 25 1.043397
26 26 1.063382
26 27 1.078770
26 28 1.089606
26 29 1.096300
26 30 1.099236
26 31 1.099081
26 32 1.096349
26 33 1.091749
26 34 1.085746
26 35 1.078954
26 36 1.071704
26 37 1.064481
26 38 1.057474
26 39 1.051053
26 40 1.045293
26 41 1.040475
26 42 1.036597
26 43 1.033881
26 44 1.032271
26 45 1.031953
26 46 1.032836
26 47 1.035083
26 48 1.038582
26 49 1.043480
26 50 1.049651
27 1 0.044631
27 2 0.089327
27 3 0.134146
27 4 0.179158
27 5 0.224409
27 6 0.269970
27 7 0.315869
27 8 0.362171
27 9 0.408881
27 10 0.456047
27 11 0.503635
27 12 0.551660
27 13 0.600030
27 14 0.648700
27 15 0.697485
27 16 0.746241
27 17 0.794649
27 18 0.842414
27 19 0.889036
27 20 0.934034
27 21 0.976708
27 22 1.016415
27 23 1.052342
27 24 1.083850
27 25 1.110264
27 26 1.131268
27 27 1.146655
27 28 1.156686
27 29 1.161718
27 30 1.162493
27 31 1.159679
27 32 1.154169
27 33 1.146622
27 34 1.137834
27 35 1.128289
27 36 1.118595
27 37 1.109042
27 38 1.100069
27 39 1.091805
27 40 1.084568
27 41 1.078380
27 42 1.073479
27 43 1.069817
27 44 1.067589
27 45 1.066704
27 46 1.067330
27 47 1.069356
27 48 1.072933
27 49 1.077938
27 50 1.084514
28 1 0.046225
28 2 0.092524
28 3 0.138982
28 4 0.185664
28 5 0.232656
28 6 0.280012
28 7 0.327820
28 8 0.376114
28 9 0.424975
28 10 0.474411
28 11 0.524482
28 12 0.575151
28 13 0.626434
28 14 0.678221
28 15 0.730443
28 16 0.782869
28 17 0.835288
28 18 0.887274
28 19 0.938397
28 20 0.987965
28 21 1.035269
28 22 1.079340
28 23 1.119262
28 24 1.153977
28 25 1.182702
28 26 1.204771
28 27 1.220071
28 28 1.228764
28 29 1.231580
28 30 1.229338
28 31 1.223173
28 32 1.214024
28 33 1.202953
28 34 1.190679
28 35 1.177999
28 36 1.165346
28 37 1.153264
28 38 1.141953
28 39 1.131781
28 40 1.122796
28 41 1.115256
28 42 1.109121
28 43 1.104586
28 44 1.101562
28 45 1.100214
28 46 1.100425
28 47 1.102349
28 48 1.105857
28 49 1.111097
28 50 1.117937
29 1 0.047743
29 2 0.095579
29 3 0.143594
29 4 0.191888
29 5 0.240538
29 6 0.289648
29 7 0.339283
29 8 0.389549
29 9 0.440493
29 10 0.492214
29 11 0.544730
29 12 0.598114
29 13 0.652333
29 14 0.707404
29 15 0.763197
29 16 0.819615
29 17 0.876359
29 18 0.933119
29 19 0.989313
29 20 1.044291
29 21 1.097064
29 22 1.146559
29 23 1.191389
29 24 1.230248
29 25 1.261796
29 26 1.285210
29 27 1.300093
29 28 1.306900
29 29 1.306500
29 30 1.300304
29 31 1.289651
29 32 1.276014
29 33 1.260485
29 34 1.244156
29 35 1.227684
29 36 1.211767
29 37 1.196713
29 38 1.182951
29 39 1.170569
29 40 1.159840
29 41 1.150729
29 42 1.143431
29 43 1.137846
29 44 1.134134
29 45 1.132165
29 46 1.132087
29 47 1.133759
29 48 1.137329
29 49 1.142656
29 50 1.149892
30 1 0.049176
30 2 0.098455
30 3 0.147950
30 4 0.197758
30 5 0.247997
30 6 0.298759
30 7 0.350168
30 8 0.402306
30 9 0.455302
30 10 0.509223
30 11 0.564191
30 12 0.620243
30 13 0.677475
30 14 0.735864
30 15 0.795433
30 16 0.856035
30 17 0.917531
30 18 0.979530
30 19 1.041572
30 20 1.102824
30 21 1.162276
30 22 1.218440
30 23 1.269638
30 24 1.313830
30 25 1.349184
30 26 1.374179
30 27 1.388364
30 28 1.392245
30 29 1.387407
30 30 1.375725
30 31 1.359319
30 32 1.339896
30 33 1.319040
30 34 1.297777
30 35 1.277050
30 36 1.257325
30 37 1.239121
30 38 1.222570
30 39 1.207965
30 40 1.195267
30 41 1.184660
30 42 1.176028
30 43 1.169511
30 44 1.164962
30 45 1.162510
30 46 1.161997
30 47 1.163559
30 48 1.167043
30 49 1.172594
30 50 1.180072
31 1 0.050504
31 2 0.101131
31 3 0.151994
31 4 0.203226
31 5 0.254936
31 6 0.307267
31 7 0.360325
31 8 0.414265
31 9 0.469188
31 10 0.525258
31 11 0.582568
31 12 0.641279
31 13 0.701460
31 14 0.763245
31 15 0.826635
31 16 0.891673
31 17 0.958199
31 18 1.026023
31 19 1.094621
31 20 1.163288
31 21 1.230774
31 22 1.295433
31 23 1.354890
31 24 1.406406
31 25 1.446932
31 26 1.474124
31 27 1.486942
31 28 1.486489
31 29 1.475157
31 30 1.456070
31 31 1.432004
31 32 1.405426
31 33 1.378003
31 34 1.351094
31 35 1.325414
31 36 1.301611
31 37 1.279875
31 38 1.260507
31 39 1.243454
31 40 1.228875
31 41 1.216617
31 42 1.206790
31 43 1.199211
31 44 1.193981
31 45 1.190915
31 46 1.190126
31 47 1.191438
31 48 1.194984
31 49 1.200606
31 50 1.208458
32 1 0.051719
32 2 0.103570
32 3 0.155693
32 4 0.208216
32 5 0.261293
32 6 0.315049
32 7 0.369655
32 8 0.425241
32 9 0.481996
32 10 0.540054
32 11 0.599626
32 12 0.660847
32 13 0.723938
32 14 0.789021
32 15 0.856297
32 16 0.925823
32 17 0.997689
32 18 1.071741
32 19 1.147730
32 20 1.224935
32 21 1.302238
32 22 1.377626
32 23 1.448232
32 24 1.509970
32 25 1.558170
32 26 1.588443
32 27 1.598963
32 28 1.591612
32 29 1.570851
32 30 1.541393
32 31 1.507412
32 32 1.471802
32 33 1.436681
32 34 1.403182
32 35 1.372147
32 36 1.343830
32 37 1.318522
32 38 1.296127
32 39 1.276745
32 40 1.260161
32 41 1.246428
32 42 1.235306
32 43 1.226853
32 44 1.220837
32 45 1.217340
32 46 1.216153
32 47 1.217383
32 48 1.220849
32 49 1.226689
32 50 1.234749
33 1 0.052802
33 2 0.105752
33 3 0.158993
33 4 0.212685
33 5 0.266970
33 6 0.322028
33 7 0.378007
33 8 0.435111
33 9 0.493501
33 10 0.553415
33 11 0.615035
33 12 0.678636
33 13 0.744423
33 14 0.812708
33 15 0.883711
33 16 0.957748
33 17 1.034992
33 18 1.115648
33 19 1.199622
33 20 1.286617
33 21 1.375616
33 22 1.464741
33 23 1.550441
33 24 1.627223
33 25 1.687337
33 26 1.722677
33 27 1.728855
33 28 1.710324
33 29 1.675243
33 30 1.631440
33 31 1.584447
33 32 1.537911
33 33 1.493734
33 34 1.453048
33 35 1.416161
33 36 1.383298
33 37 1.354255
33 38 1.329009
33 39 1.307235
33 40 1.288883
33 41 1.273627
33 42 1.261449
33 43 1.252056
33 44 1.245477
33 45 1.241456
33 46 1.240068
33 47 1.241093
33 48 1.244648
33 49 1.250551
33 50 1.258955
34 1 0.053744
34 2 0.107644
34 3 0.161866
34 4 0.216562
34 5 0.271916
34 6 0.328088
34 7 0.385289
34 8 0.443694
34 9 0.503554
34 10 0.565071
34 11 0.628549
34 12 0.694238
34 13 0.762509
34 14 0.833678
34 15 0.908200
34 16 0.986466
34 17 1.069006
34 18 1.156235
34 19 1.248623
34 20 1.346297
34 21 1.449004
34 22 1.555281
34 23 1.661712
34 24 1.761143
34 25 1.841426
34 26 1.886075
34 27 1.883619
34 28 1.845587
34 29 1.788543
34 30 1.724676
34 31 1.661234
34 32 1.601662
34 33 1.547531
34 34 1.499114
34 35 1.456405
34 36 1.418945
34 37 1.386460
34 38 1.358418
34 39 1.334590
34 40 1.314509
34 41 1.298043
34 42 1.284806
34 43 1.274750
34 44 1.267557
34 45 1.263251
34 46 1.261568
34 47 1.262588
34 48 1.266098
34 49 1.272224
34 50 1.280799
35 1 0.054532
35 2 0.109232
35 3 0.164265
35 4 0.219813
35 5 0.276045
35 6 0.333169
35 7 0.391368
35 8 0.450890
35 9 0.511948
35 10 0.574847
35 11 0.639853
35 12 0.707353
35 13 0.777699
35 14 0.851401
35 15 0.928947
35 16 1.011027
35 17 1.098330
35 18 1.191791
35 19 1.292337
35 20 1.401075
35 21 1.518823
35 22 1.645802
35 23 1.779984
35 24 1.914349
35 25 2.031152
35 26 2.096724
35 27 2.073960
35 28 2.000033
35 29 1.908665
35 30 1.817685
35 31 1.734153
35 32 1.660194
35 33 1.595615
35 34 1.539716
35 35 1.491402
35 36 1.449882
35 37 1.414225
35 38 1.383895
35 39 1.358196
35 40 1.336816
35 41 1.319232
35 42 1.305288
35 43 1.294581
35 44 1.287066
35 45 1.282422
35 46 1.280684
35 47 1.281595
35 48 1.285250
35 49 1.291449
35 50 1.300338
36 1 0.055158
36 2 0.110488
36 3 0.166173
36 4 0.222383
36 5 0.279323
36 6 0.337176
36 7 0.396182
36 8 0.456551
36 9 0.518576
36 10 0.582518
36 11 0.648751
36 12 0.717623
36 13 0.789635
36 14 0.865281
36 15 0.945274
36 16 1.030365
36 17 1.121622
36 18 1.220262
36 19 1.327989
36 20 1.446843
36 21 1.579547
36 22 1.729118
36 23 1.898205
36 24 2.085118
36 25 2.272240
36 26 2.395711
36 27 2.315611
36 28 2.171922
36 29 2.028579
36 30 1.903247
36 31 1.797708
36 32 1.709347
36 33 1.635257
36 34 1.572734
36 35 1.519866
36 36 1.474958
36 37 1.436940
36 38 1.404742
36 39 1.377779
36 40 1.355328
36 41 1.337086
36 42 1.322534
36 43 1.311537
36 44 1.303703
36 45 1.299010
36 46 1.297150
36 47 1.298181
36 48 1.301861
36 49 1.308307
36 50 1.317336
37 1 0.055614
37 2 0.111408
37 3 0.167556
37 4 0.224256
37 5 0.281689
37 6 0.340081
37 7 0.399634
37 8 0.460623
37 9 0.523289
37 10 0.587980
37 11 0.655013
37 12 0.724849
37 13 0.797937
37 14 0.874926
37 15 0.956503
37 16 1.043657
37 17 1.137529
37 18 1.239776
37 19 1.352514
37 20 1.478895
37 21 1.623401
37 22 1.793052
37 23 1.998601
37 24 2.255802
37 25 2.576980
37 26 2.898386
37 27 2.620853
37 28 2.343618
37 29 2.130483
37 30 1.969210
37 31 1.844085
37 32 1.744457
37 33 1.663332
37 34 1.596350
37 35 1.540370
37 36 1.493417
37 37 1.453837
37 38 1.420646
37 39 1.392848
37 40 1.369939
37 41 1.351251
37 42 1.336542
37 43 1.325329
37 44 1.317525
37 45 1.312763
37 46 1.311056
37 47 1.312119
37 48 1.316036
37 49 1.322584
37 50 1.331908
38 1 0.055898
38 2 0.111973
38 3 0.168414
38 4 0.225399
38 5 0.283140
38 6 0.341827
38 7 0.401712
38 8 0.463017
38 9 0.526054
38 10 0.591100
38 11 0.658564
38 12 0.728825
38 13 0.802443
38 14 0.879985
38 15 0.962275
38 16 1.050231
38 17 1.145189
38 18 1.248800
38 19 1.363528
38 20 1.492822
38 21 1.642244
38 22 1.821089
38 23 2.047469
38 24 2.362510
38 25 2.881592
38 26 4.000000
38 27 2.925912
38 28 2.451214
38 29 2.180697
38 30 1.999027
38 31 1.865177
38 32 1.761064
38 33 1.677508
38 34 1.608964
38 35 1.552116
38 36 1.504505
38 37 1.464633
38 38 1.431158
38 39 1.403336
38 40 1.380327
38 41 1.361758
38 42 1.347052
38 43 1.336042
38 44 1.328303
38 45 1.323797
38 46 1.322193
38 47 1.323540
38 48 1.327580
38 49 1.334423
38 50 1.343870
39 1 0.056005
39 2 0.112190
39 3 0.168729
39 4 0.225821
39 5 0.283644
39 6 0.342428
39 7 0.402372
39 8 0.463752
39 9 0.526809
39 10 0.591892
39 11 0.659317
39 12 0.729546
39 13 0.803026
39 14 0.880410
39 15 0.962380
39 16 1.049929
39 17 1.144196
39 18 1.246841
39 19 1.359976
39 20 1.486759
39 21 1.631666
39 22 1.801722
39 23 2.007676
39 24 2.265287
39 25 2.586876
39 26 2.908698
39 27 2.631583
39 28 2.354771
39 29 2.142062
39 30 1.981223
39 31 1.856533
39 32 1.757349
39 33 1.676671
39 34 1.610145
39 35 1.554624
39 36 1.508140
39 37 1.469031
39 38 1.436322
39 39 1.409009
39 40 1.386592
39 41 1.368401
39 42 1.354194
39 43 1.343484
39 44 1.336186
39 45 1.331927
39 46 1.330720
39 47 1.332270
39 48 1.336662
39 49 1.343659
39 50 1.353402
40 1 0.055941
40 2 0.112053
40 3 0.168520
40 4 0.225512
40 5 0.283235
40 6 0.341869
40 7 0.401659
40 8 0.462810
40 9 0.525619
40 10 0.590343
40 11 0.657362
40 12 0.727017
40 13 0.799816
40 14 0.876248
40 15 0.957031
40 16 1.042909
40 17 1.134960
40 18 1.234393
40 19 1.342918
40 20 1.462570
40 21 1.596079
40 22 1.746457
40 23 1.916358
40 24 2.104087
40 25 2.292035
40 26 2.416333
40 27 2.337074
40 28 2.194227
40 29 2.051741
40 30 1.927270
40 31 1.822607
40 32 1.735129
40 33 1.661937
40 34 1.600320
40 35 1.548375
40 36 1.504398
40 37 1.467330
40 38 1.436089
40 39 1.410102
40 40 1.388633
40 41 1.371389
40 42 1.357838
40 43 1.347854
40 44 1.341030
40 45 1.337350
40 46 1.336489
40 47 1.338506
40 48 1.343138
40 49 1.350498
40 50 1.360373
41 1 0.055705
41 2 0.111580
41 3 0.167786
41 4 0.224509
41 5 0.281914
41 6 0.340213
41 7 0.399585
41 8 0.460283
41 9 0.522515
41 10 0.586591
41 11 0.652772
41 12 0.721451
41 13 0.792974
41 14 0.867858
41 15 0.946584
41 16 1.029851
41 17 1.118340
41 18 1.212994
41 19 1.314732
41 20 1.424673
41 21 1.543623
41 22 1.671816
41 23 1.807213
41 24 1.942808
41 25 2.060842
41 26 2.127663
41 27 2.106151
41 28 2.033495
41 29 1.943404
41 30 1.853723
41 31 1.771497
41 32 1.698868
41 33 1.635629
41 34 1.581096
41 35 1.534159
41 36 1.494044
41 37 1.459803
41 38 1.430918
41 39 1.406675
41 40 1.386778
41 41 1.370685
41 42 1.358255
41 43 1.349064
41 44 1.343078
41 45 1.339954
41 46 1.339732
41 47 1.342129
41 48 1.347239
41 49 1.354823
41 50 1.365021
42 1 0.055311
42 2 0.110776
42 3 0.166564
42 4 0.222825
42 5 0.279747
42 6 0.337484
42 7 0.396253
42 8 0.456223
42 9 0.517652
42 10 0.580735
42 11 0.645784
42 12 0.713042
42 13 0.782887
42 14 0.855627
42 15 0.931729
42 16 1.011571
42 17 1.095697
42 18 1.184511
42 19 1.278495
42 20 1.377765
42 21 1.482082
42 22 1.589969
42 23 1.698028
42 24 1.799089
42 25 1.881022
42 26 1.927325
42 27 1.926547
42 28 1.890200
42 29 1.834866
42 30 1.772720
42 31 1.711029
42 32 1.653219
42 33 1.600884
42 34 1.554276
42 35 1.513414
42 36 1.477815
42 37 1.447231
42 38 1.421104
42 39 1.399230
42 40 1.381118
42 41 1.366656
42 42 1.355433
42 43 1.347417
42 44 1.342264
42 45 1.340010
42 46 1.340358
42 47 1.343395
42 48 1.348865
42 49 1.356893
42 50 1.367256
43 1 0.054761
43 2 0.109670
43 3 0.164869
43 4 0.220521
43 5 0.276764
43 6 0.333783
43 7 0.391719
43 8 0.450784
43 9 0.511132
43 10 0.573010
43 11 0.636589
43 12 0.702156
43 13 0.769906
43 14 0.840162
43 15 0.913132
43 16 0.989147
43 17 1.068367
43 18 1.151011
43 19 1.236972
43 20 1.325970
43 21 1.416971
43 22 1.508117
43 23 1.595841
43 24 1.674669
43 25 1.736833
43 26 1.774251
43 27 1.782512
43 28 1.766097
43 29 1.733141
43 30 1.691498
43 31 1.646679
43 32 1.602357
43 33 1.560411
43 34 1.521998
43 35 1.487405
43 36 1.456881
43 37 1.430200
43 38 1.407364
43 39 1.388022
43 40 1.372149
43 41 1.359390
43 42 1.349752
43 43 1.342909
43 44 1.338910
43 45 1.337463
43 46 1.338657
43 47 1.342228
43 48 1.348297
43 49 1.356628
43 50 1.367364
44 1 0.054072
44 2 0.108275
44 3 0.162752
44 4 0.217627
44 5 0.273057
44 6 0.329164
44 7 0.386125
44 8 0.444062
44 9 0.503173
44 10 0.563583
44 11 0.625513
44 12 0.689088
44 13 0.754542
44 14 0.821983
44 15 0.891629
44 16 0.963520
44 17 1.037765
44 18 1.114193
44 19 1.192575
44 20 1.272172
44 21 1.351887
44 22 1.429688
44 23 1.502732
44 24 1.566912
44 25 1.617583
44 26 1.650333
44 27 1.663364
44 28 1.658535
44 29 1.640335
44 30 1.613452
44 31 1.582091
44 32 1.549120
44 33 1.516687
44 34 1.485900
44 35 1.457630
44 36 1.432105
44 37 1.409646
44 38 1.390129
44 39 1.373684
44 40 1.360065
44 41 1.349353
44 42 1.341275
44 43 1.335915
44 44 1.333003
44 45 1.332642
44 46 1.334577
44 47 1.338931
44 48 1.345467
44 49 1.354324
44 50 1.365280
45 1 0.053252
45 2 0.106627
45 3 0.160237
45 4 0.214217
45 5 0.268673
45 6 0.323754
45 7 0.379557
45 8 0.436247
45 9 0.493915
45 10 0.552737
45 11 0.612792
45 12 0.674259
45 13 0.737189
45 14 0.801735
45 15 0.867880
45 16 0.935688
45 17 1.004979
45 18 1.075585
45 19 1.146963
45 20 1.218431
45 21 1.288717
45 22 1.356202
45 23 1.418488
45 24 1.472863
45 25 1.516253
45 26 1.546347
45 27 1.562076
45 28 1.564576
45 29 1.556212
45 30 1.540142
45 31 1.519112
45 32 1.495625
45 33 1.471317
45 34 1.447585
45 35 1.425111
45 36 1.404581
45 37 1.386151
45 38 1.370160
45 39 1.356519
45 40 1.345423
45 41 1.336682
45 42 1.330441
45 43 1.326473
45 44 1.324912
45 45 1.325524
45 46 1.328449
45 47 1.333454
45 48 1.340687
45 49 1.349923
45 50 1.361315
46 1 0.052320
46 2 0.104743
46 3 0.157383
46 4 0.210333
46 5 0.263718
46 6 0.317620
46 7 0.372175
46 8 0.427453
46 9 0.483596
46 10 0.540656
46 11 0.598773
46 12 0.657967
46 13 0.718352
46 14 0.779887
46 15 0.842616
46 16 0.906372
46 17 0.971039
46 18 1.036206
46 19 1.101436
46 20 1.165873
46 21 1.228538
46 22 1.287915
46 23 1.342356
46 24 1.389797
46 25 1.428437
46 26 1.456726
46 27 1.474251
46 28 1.481483
46 29 1.480049
46 30 1.471790
46 31 1.458867
46 32 1.442951
46 33 1.425670
46 34 1.408012
46 35 1.390966
46 36 1.374958
46 37 1.360551
46 38 1.347839
46 39 1.337158
46 40 1.328426
46 41 1.321872
46 42 1.317333
46 43 1.314991
46 44 1.314648
46 45 1.316468
46 46 1.320240
46 47 1.326124
46 48 1.333905
46 49 1.343742
46 50 1.355416
47 1 0.051285
47 2 0.102664
47 3 0.154220
47 4 0.206057
47 5 0.258245
47 6 0.310898
47 7 0.364070
47 8 0.417879
47 9 0.472360
47 10 0.527625
47 11 0.583676
47 12 0.640607
47 13 0.698364
47 14 0.756986
47 15 0.816324
47 16 0.876303
47 17 0.936601
47 18 0.996937
47 19 1.056702
47 20 1.115277
47 21 1.171645
47 22 1.224766
47 23 1.273225
47 24 1.315751
47 25 1.350972
47 26 1.378104
47 27 1.396718
47 28 1.407309
47 29 1.410711
47 30 1.408378
47 31 1.401614
47 32 1.391937
47 33 1.380400
47 34 1.368143
47 35 1.355781
47 36 1.344064
47 37 1.333256
47 38 1.323836
47 39 1.315846
47 40 1.309611
47 41 1.305047
47 42 1.302397
47 43 1.301512
47 44 1.302594
47 45 1.305461
47 46 1.310296
47 47 1.316899
47 48 1.325446
47 49 1.335723
47 50 1.347900
48 1 0.050167
48 2 0.100408
48 3 0.150808
48 4 0.201429
48 5 0.252363
48 6 0.303657
48 7 0.355405
48 8 0.407634
48 9 0.460436
48 10 0.513806
48 11 0.567818
48 12 0.622420
48 13 0.677648
48 14 0.733371
48 15 0.789545
48 16 0.845914
48 17 0.902296
48 18 0.958239
48 19 1.013344
48 20 1.066889
48 21 1.118201
48 22 1.166280
48 23 1.210247
48 24 1.249010
48 25 1.281830
48 26 1.308002
48 27 1.327460
48 28 1.340326
48 29 1.347379
48 30 1.349398
48 31 1.347566
48 32 1.342783
48 33 1.336161
48 34 1.328377
48 35 1.320281
48 36 1.312262
48 37 1.304917
48 38 1.298402
48 39 1.293137
48 40 1.289124
48 41 1.286675
48 42 1.285697
48 43 1.286440
48 44 1.288757
48 45 1.292865
48 46 1.298585
48 47 1.306114
48 48 1.315255
48 49 1.326189
48 50 1.338707
49 1 0.048975
49 2 0.098015
49 3 0.147176
49 4 0.196533
49 5 0.246123
49 6 0.296026
49 7 0.346261
49 8 0.396904
49 9 0.447946
49 10 0.499452
49 11 0.551370
49 12 0.603737
49 13 0.656437
49 14 0.709452
49 15 0.762571
49 16 0.815680
49 17 0.868431
49 18 0.920564
49 19 0.971546
49 20 1.020933
49 21 1.067993
49 22 1.112122
49 23 1.152472
49 24 1.188447
49 25 1.219335
49 26 1.244866
49 27 1.264793
49 28 1.279427
49 29 1.289083
49 30 1.294556
49 31 1.296471
49 32 1.295775
49 33 1.293084
49 34 1.289248
49 35 1.284706
49 36 1.280127
49 37 1.275748
49 38 1.272072
49 39 1.269177
49 40 1.267441
49 41 1.266833
49 42 1.267652
49 43 1.269794
49 44 1.273512
49 45 1.278657
49 46 1.285451
49 47 1.293717
49 48 1.303657
49 49 1.315072
49 50 1.328148
50 1 0.047727
50 2 0.095502
50 3 0.143383
50 4 0.191403
50 5 0.239625
50 6 0.288065
50 7 0.336785
50 8 0.385776
50 9 0.435092
50 10 0.484687
50 11 0.534596
50 12 0.584720
50 13 0.635054
50 14 0.685428
50 15 0.735769
50 16 0.785804
50 17 0.835364
50 18 0.884040
50 19 0.931539
50 20 0.977306
50 21 1.020929
50 22 1.061744
50 23 1.099304
50 24 1.132972
50 25 1.162447
50 26 1.187334
50 27 1.207687
50 28 1.223505
50 29 1.235255
50 30 1.243275
50 31 1.248289
50 32 1.250765
50 33 1.251473
50 34 1.250826
50 35 1.249507
50 36 1.247791
50 37 1.246231
50 38 1.244963
50 39 1.244422
50 40 1.244631
50 41 1.245938
50 42 1.248283
50 43 1.251956
50 44 1.256841
50 45 1.263188
50 46 1.270846
50 47 1.280037
50 48 1.290582
50 49 1.302685
50 50 1.316144
